key	ANYA_13997	ANYA_14430	ANYA_18196	AV0110	AV040	AV1708_29120	AV183026	C4	D3	FC951	FDAARGOS_632	Hm21	Hm22	Ho04_635	Hv98_225	Hv98_231	Hv98_232	Hv98_241	Hv98_571	KMM289	KMM358	KMM366	ZfB1	b1_3
ANYA_13997	0.0	111266.0	142680.0	142292.0	146482.0	156119.0	155028.0	154019.0	145540.0	148706.0	140961.0	150583.0	153309.0	150895.0	143043.0	151166.0	150974.0	148063.0	152326.0	151407.0	157410.0	157543.0	152703.0	164362.0
ANYA_14430	110872.0	0.0	139622.0	141743.0	144937.0	159662.0	153825.0	157005.0	146164.0	146347.0	143454.0	150721.0	149352.0	149273.0	142340.0	147641.0	147147.0	149107.0	148320.0	146457.0	156172.0	156205.0	149859.0	160707.0
ANYA_18196	143688.0	140093.0	0.0	139802.0	146116.0	153793.0	145903.0	145905.0	141827.0	142606.0	138713.0	139116.0	145740.0	138890.0	142194.0	138201.0	137809.0	137360.0	145115.0	142628.0	151092.0	151201.0	146867.0	161782.0
AV0110	143609.0	144486.0	141177.0	0.0	153846.0	160945.0	147687.0	152378.0	146286.0	143701.0	141537.0	138701.0	143590.0	137479.0	142453.0	137251.0	136843.0	138341.0	142981.0	148152.0	152304.0	152439.0	149717.0	167195.0
AV040	148755.0	147472.0	145233.0	152853.0	0.0	162572.0	150890.0	153694.0	154400.0	151137.0	148378.0	147103.0	150599.0	147489.0	148913.0	146401.0	145802.0	147480.0	149655.0	153595.0	157107.0	157137.0	150117.0	174783.0
AV1708_29120	155704.0	160509.0	150171.0	158666.0	163141.0	0.0	161897.0	166967.0	162911.0	159651.0	155940.0	158873.0	159514.0	156338.0	158011.0	156250.0	155707.0	158756.0	158626.0	159018.0	165167.0	165363.0	163739.0	163656.0
AV183026	155350.0	155425.0	144967.0	147009.0	152186.0	164241.0	0.0	162588.0	151218.0	151040.0	146144.0	152137.0	155709.0	151354.0	151771.0	151847.0	151115.0	152240.0	154858.0	155307.0	164103.0	164184.0	151884.0	169381.0
C4	155262.0	157970.0	147857.0	150616.0	153869.0	166167.0	161786.0	0.0	154354.0	157228.0	153938.0	156215.0	162643.0	154458.0	155348.0	155743.0	155365.0	160966.0	161572.0	162678.0	165945.0	165930.0	160177.0	175956.0
D3	147288.0	147914.0	140592.0	145206.0	152225.0	162137.0	151175.0	154468.0	0.0	148493.0	143569.0	146851.0	146939.0	145374.0	145824.0	144752.0	143935.0	143812.0	146286.0	151726.0	157467.0	157606.0	149629.0	170236.0
FC951	150887.0	148225.0	140372.0	143106.0	151720.0	161535.0	151776.0	157757.0	149330.0	0.0	141411.0	146059.0	150428.0	144865.0	145193.0	144831.0	144352.0	145980.0	149653.0	153299.0	159830.0	159676.0	151576.0	166723.0
FDAARGOS_632	141722.0	145870.0	141105.0	140112.0	149767.0	158310.0	146470.0	152953.0	143462.0	142727.0	0.0	137425.0	141682.0	137166.0	140305.0	137745.0	137272.0	136821.0	140859.0	145841.0	152306.0	152350.0	149892.0	164677.0
Hm21	149779.0	152337.0	136966.0	137535.0	147993.0	158463.0	151507.0	156763.0	146562.0	143651.0	137405.0	0.0	149146.0	117448.0	138647.0	103487.0	103238.0	131733.0	148091.0	147544.0	155856.0	155969.0	149439.0	164903.0
Hm22	157674.0	152373.0	145982.0	144158.0	151926.0	160768.0	155477.0	163962.0	147475.0	150134.0	143263.0	152196.0	0.0	151010.0	149584.0	150215.0	149912.0	154495.0	431.0	159484.0	169858.0	170157.0	157139.0	173561.0
Ho04_635	150883.0	150716.0	137602.0	137970.0	147129.0	156002.0	151486.0	154448.0	146459.0	144336.0	137061.0	119446.0	149223.0	0.0	140788.0	109422.0	109103.0	133040.0	148536.0	150694.0	156500.0	156602.0	149079.0	164582.0
Hv98_225	145404.0	146881.0	142103.0	142108.0	151919.0	159015.0	151875.0	158630.0	147687.0	146389.0	140733.0	141709.0	148618.0	141489.0	0.0	140933.0	140456.0	146731.0	147745.0	150677.0	160060.0	160214.0	153116.0	169960.0
Hv98_231	148151.0	148410.0	135978.0	136977.0	146538.0	154648.0	150878.0	153909.0	143348.0	142587.0	137216.0	103533.0	147209.0	107827.0	139084.0	0.0	298.0	130229.0	146329.0	147862.0	153254.0	153399.0	147473.0	162444.0
Hv98_232	148152.0	147641.0	136450.0	135851.0	145387.0	154178.0	150335.0	153539.0	143225.0	142414.0	136439.0	103391.0	145588.0	107913.0	138198.0	290.0	0.0	129782.0	144788.0	147256.0	152863.0	152974.0	147280.0	160732.0
Hv98_241	148257.0	150737.0	136763.0	138762.0	145992.0	156593.0	149457.0	161763.0	143546.0	143870.0	135702.0	134035.0	153289.0	135291.0	147173.0	133359.0	132941.0	0.0	152574.0	155754.0	158608.0	158737.0	152907.0	167168.0
Hv98_571	155480.0	150927.0	145232.0	142618.0	151845.0	158054.0	153578.0	163228.0	146131.0	148790.0	142000.0	150715.0	257.0	149420.0	148309.0	149716.0	149174.0	152930.0	0.0	158885.0	167461.0	167722.0	156150.0	171622.0
KMM289	150423.0	148240.0	142368.0	144908.0	151942.0	160320.0	154049.0	165274.0	149801.0	150914.0	142656.0	149339.0	159933.0	149961.0	150121.0	149095.0	149082.0	157130.0	159270.0	0.0	167318.0	167292.0	159801.0	174088.0
KMM358	156986.0	157220.0	149309.0	151481.0	157817.0	163560.0	162167.0	165784.0	156909.0	159729.0	153126.0	155323.0	166409.0	154573.0	157413.0	154526.0	153935.0	158224.0	165461.0	164447.0	0.0	666.0	163935.0	172934.0
KMM366	156160.0	157785.0	148676.0	151496.0	157602.0	165087.0	162764.0	166980.0	156801.0	158709.0	153180.0	155480.0	167133.0	155430.0	157493.0	155014.0	154427.0	158803.0	165854.0	163177.0	750.0	0.0	163168.0	173623.0
ZfB1	151360.0	150606.0	144098.0	147621.0	150634.0	164781.0	151235.0	161260.0	151059.0	152420.0	149981.0	151447.0	157529.0	149994.0	150381.0	149441.0	149230.0	154306.0	156564.0	158211.0	165406.0	165468.0	0.0	169263.0
b1_3	162336.0	161257.0	160640.0	164596.0	170748.0	162972.0	167854.0	177283.0	170332.0	163421.0	163877.0	163993.0	171729.0	162658.0	167650.0	162332.0	161882.0	166951.0	170663.0	171718.0	171455.0	171866.0	168437.0	0.0
