enzyme	KMM289	KMM358	KMM366
K00005	2	2	2
K00009	1	1	1
K00012	1	1	1
K00013	1	1	1
K00014	1	1	1
K00018	1	1	1
K00020	1	1	1
K00027	3	3	3
K00029	3	3	3
K00030	1	1	1
K00031	1	1	1
K00052	1	1	1
K00053	1	1	1
K00057	1	1	1
K00058	1	1	1
K00059	3	4	4
K00060	1	1	1
K00065	1	0	0
K00067	1	1	1
K00075	1	1	1
K00077	1	1	1
K00087	1	1	1
K00088	1	1	1
K00097	1	1	1
K00099	1	1	1
K00111	2	2	2
K00112	1	1	1
K00113	1	1	1
K00121	1	1	1
K00123	2	1	1
K00124	2	2	2
K00127	1	1	1
K00133	2	2	2
K00134	2	2	2
K00135	1	1	1
K00137	1	0	0
K00138	1	1	1
K00140	1	1	1
K00145	1	1	1
K00147	1	1	1
K00154	1	1	1
K00163	1	1	1
K00164	1	1	1
K00166	1	1	1
K00209	2	2	2
K00215	1	1	1
K00216	1	1	1
K00217	1	1	1
K00219	1	1	1
K00228	1	1	1
K00230	1	1	1
K00239	2	2	2
K00240	2	2	2
K00241	1	1	1
K00242	1	1	1
K00243	1	1	1
K00244	1	1	1
K00245	1	1	1
K00246	1	1	1
K00247	1	1	1
K00249	2	2	2
K00253	1	1	1
K00254	1	1	1
K00259	1	1	1
K00265	1	1	1
K00266	2	2	2
K00275	1	1	1
K00278	1	1	1
K00281	1	1	1
K00285	1	1	1
K00286	1	1	1
K00287	1	1	1
K00297	1	1	1
K00311	1	1	1
K00316	1	1	1
K00324	1	1	1
K00325	1	1	1
K00330	1	1	1
K00331	1	1	1
K00334	1	1	1
K00335	1	1	1
K00336	1	1	1
K00337	1	1	1
K00338	1	1	1
K00339	1	1	1
K00340	1	1	1
K00341	1	1	1
K00342	1	1	1
K00343	1	1	1
K00344	3	3	3
K00346	1	1	1
K00347	1	1	1
K00348	1	1	1
K00349	1	1	1
K00350	1	2	2
K00351	1	1	1
K00355	1	1	1
K00362	1	0	0
K00363	1	0	0
K00364	1	1	1
K00380	1	1	1
K00381	1	1	1
K00382	1	1	1
K00383	1	1	1
K00384	1	1	1
K00385	1	1	1
K00390	1	1	1
K00404	1	1	1
K00405	1	1	1
K00406	1	1	1
K00407	1	1	1
K00411	1	1	1
K00412	1	1	1
K00413	1	1	1
K00424	2	2	2
K00425	2	2	2
K00426	2	2	2
K00428	0	1	1
K00432	2	2	2
K00451	1	1	1
K00457	1	1	1
K00459	1	1	1
K00500	1	1	1
K00507	1	1	1
K00525	2	2	2
K00526	1	1	1
K00537	2	2	2
K00548	1	1	1
K00549	1	1	1
K00554	1	1	1
K00556	1	1	1
K00557	1	1	1
K00560	1	3	3
K00563	1	1	1
K00564	2	2	2
K00566	1	1	1
K00567	2	2	2
K00568	1	1	1
K00569	1	1	1
K00573	1	1	1
K00574	1	1	1
K00575	2	2	2
K00590	1	0	0
K00600	1	1	1
K00602	1	1	1
K00604	1	1	1
K00605	1	1	1
K00606	1	1	1
K00609	1	1	1
K00610	1	1	1
K00611	2	2	2
K00615	1	1	1
K00616	1	1	1
K00626	1	1	1
K00627	1	1	1
K00631	1	1	1
K00632	1	2	2
K00635	1	1	1
K00638	2	2	2
K00639	1	1	1
K00640	2	1	1
K00645	1	1	1
K00647	2	2	2
K00648	2	2	2
K00651	1	1	1
K00652	1	1	1
K00655	2	2	2
K00656	1	2	2
K00658	1	1	1
K00661	4	5	5
K00673	1	1	1
K00674	1	1	1
K00677	1	1	1
K00681	1	1	1
K00684	1	1	1
K00688	1	1	1
K00700	1	2	2
K00703	1	1	1
K00705	1	1	1
K00748	1	1	1
K00754	1	1	1
K00757	1	1	1
K00758	1	1	1
K00759	1	1	1
K00760	1	1	1
K00761	1	1	1
K00762	1	1	1
K00763	1	1	1
K00764	1	1	1
K00765	1	1	1
K00766	1	1	1
K00767	1	1	1
K00769	1	1	1
K00773	1	1	1
K00783	1	1	1
K00784	2	2	2
K00788	1	1	1
K00789	1	1	1
K00790	1	1	1
K00791	1	1	1
K00793	2	2	2
K00794	1	1	1
K00795	1	1	1
K00796	1	1	1
K00798	2	2	2
K00799	6	6	6
K00800	1	1	1
K00806	1	1	1
K00813	1	1	1
K00817	1	1	1
K00820	1	1	1
K00821	1	1	1
K00822	1	1	1
K00823	1	1	1
K00826	1	1	1
K00831	1	1	1
K00832	1	1	1
K00833	1	1	1
K00835	1	1	1
K00845	1	1	1
K00847	1	1	1
K00849	1	1	1
K00850	1	1	1
K00851	1	1	1
K00852	1	1	1
K00857	1	1	1
K00858	1	1	1
K00859	1	1	1
K00860	1	1	1
K00864	1	1	1
K00865	1	1	1
K00867	1	1	1
K00868	2	2	2
K00872	1	1	1
K00873	3	2	2
K00874	1	0	0
K00876	1	1	1
K00882	1	1	1
K00886	1	1	1
K00891	1	1	1
K00892	1	1	1
K00906	1	1	1
K00912	1	1	1
K00919	1	1	1
K00925	2	3	3
K00926	2	2	2
K00927	1	1	1
K00928	3	3	3
K00930	1	1	1
K00931	1	1	1
K00932	0	1	1
K00937	1	1	1
K00939	1	1	1
K00940	1	1	1
K00942	1	1	1
K00943	1	1	1
K00945	1	1	1
K00946	1	1	1
K00948	1	1	1
K00950	3	3	3
K00954	1	1	1
K00956	1	1	1
K00957	1	1	1
K00962	1	1	1
K00963	1	1	1
K00965	1	1	1
K00969	1	1	1
K00970	1	1	1
K00971	0	2	2
K00973	1	1	1
K00974	1	1	1
K00975	3	3	3
K00978	0	1	1
K00979	1	1	1
K00981	1	1	1
K00982	1	1	1
K00986	1	1	1
K00989	1	1	1
K00990	1	1	1
K00991	1	1	1
K00992	1	1	1
K00995	1	1	1
K00998	1	1	1
K01000	1	1	1
K01007	1	1	1
K01008	1	1	1
K01012	1	1	1
K01042	2	2	2
K01046	2	2	2
K01048	1	1	1
K01056	1	1	1
K01069	2	2	2
K01070	1	1	1
K01077	2	2	2
K01079	1	1	1
K01082	2	2	2
K01089	1	1	1
K01091	5	4	4
K01092	1	1	1
K01095	1	1	1
K01096	1	1	1
K01118	1	1	1
K01119	0	1	1
K01126	2	2	2
K01129	1	1	1
K01130	1	1	1
K01139	1	1	1
K01141	1	1	1
K01142	1	1	1
K01146	1	1	1
K01147	1	1	1
K01150	1	1	1
K01151	1	1	1
K01153	1	3	3
K01154	0	4	4
K01159	1	1	1
K01166	1	1	1
K01173	1	2	2
K01175	1	1	1
K01176	2	2	2
K01183	3	3	3
K01185	1	1	1
K01190	2	2	2
K01193	1	1	1
K01200	1	1	1
K01214	1	1	1
K01223	1	1	1
K01226	1	1	1
K01232	0	1	1
K01243	1	1	1
K01246	1	1	1
K01250	1	1	1
K01251	1	1	1
K01252	1	1	1
K01255	2	2	2
K01256	1	1	1
K01258	1	1	1
K01262	1	1	1
K01265	1	1	1
K01270	1	1	1
K01271	1	1	1
K01295	2	2	2
K01297	1	1	1
K01299	1	1	1
K01305	1	1	1
K01338	1	1	1
K01354	1	1	1
K01356	1	1	1
K01358	1	1	1
K01387	1	1	1
K01414	1	1	1
K01419	1	1	1
K01420	1	1	1
K01423	2	2	2
K01424	2	2	2
K01425	1	1	1
K01426	1	1	1
K01433	1	1	1
K01438	1	1	1
K01439	2	2	2
K01443	1	2	2
K01448	1	1	1
K01462	1	2	2
K01463	1	0	0
K01464	1	1	1
K01465	1	1	1
K01468	1	1	1
K01478	1	1	1
K01479	1	1	1
K01484	1	1	1
K01485	1	1	1
K01486	1	0	0
K01487	1	1	1
K01488	1	1	1
K01489	1	1	1
K01491	1	1	1
K01494	1	1	1
K01495	1	1	1
K01497	1	1	1
K01507	1	1	1
K01512	1	1	1
K01515	1	1	1
K01519	1	1	1
K01520	1	1	1
K01524	2	2	2
K01525	1	1	1
K01533	1	1	1
K01534	1	1	1
K01546	1	1	1
K01547	1	1	1
K01548	1	1	1
K01551	1	1	1
K01575	1	1	1
K01581	1	1	1
K01582	1	1	1
K01585	1	1	1
K01586	1	1	1
K01588	2	2	2
K01589	1	1	1
K01591	1	1	1
K01595	1	1	1
K01599	1	1	1
K01607	1	1	1
K01609	1	1	1
K01610	1	1	1
K01613	1	1	1
K01619	1	1	1
K01620	1	1	1
K01624	1	2	2
K01625	2	1	1
K01626	4	4	4
K01627	1	1	1
K01633	1	1	1
K01637	1	1	1
K01638	1	1	1
K01640	1	1	1
K01647	1	1	1
K01649	1	1	1
K01652	3	3	3
K01653	1	1	1
K01657	1	1	1
K01658	1	2	2
K01659	1	1	1
K01661	1	1	1
K01662	1	1	1
K01664	1	1	1
K01665	1	1	1
K01667	1	1	1
K01669	1	1	1
K01673	1	1	1
K01674	1	1	1
K01676	1	1	1
K01682	1	1	1
K01687	1	1	1
K01689	1	1	1
K01690	1	1	1
K01695	1	1	1
K01696	1	1	1
K01698	1	1	1
K01703	1	1	1
K01704	1	1	1
K01709	0	1	1
K01710	1	1	1
K01711	0	1	1
K01712	1	1	1
K01714	2	2	2
K01716	1	1	1
K01719	1	1	1
K01720	1	1	1
K01724	2	1	1
K01726	1	1	1
K01733	1	2	2
K01734	1	1	1
K01735	1	1	1
K01736	1	1	1
K01737	1	1	1
K01738	1	1	1
K01739	1	1	1
K01740	1	1	1
K01744	1	1	1
K01745	2	2	2
K01749	1	1	1
K01751	1	1	1
K01752	2	2	2
K01753	1	1	1
K01754	1	2	2
K01755	1	1	1
K01756	1	1	1
K01759	1	1	1
K01761	1	1	1
K01766	1	1	1
K01770	1	1	1
K01772	1	1	1
K01775	2	2	2
K01776	1	1	1
K01778	1	1	1
K01779	1	1	1
K01782	1	1	1
K01783	1	1	1
K01784	2	2	2
K01785	2	2	2
K01788	0	1	1
K01790	1	2	2
K01791	0	1	1
K01792	1	1	1
K01800	1	1	1
K01802	3	3	3
K01803	2	2	2
K01807	1	1	1
K01809	2	1	1
K01810	1	1	1
K01814	1	1	1
K01815	1	0	0
K01817	1	1	1
K01823	1	1	1
K01825	1	1	1
K01835	1	1	1
K01839	1	1	1
K01845	1	1	1
K01854	1	1	1
K01866	2	2	2
K01867	2	2	2
K01868	1	1	1
K01869	1	1	1
K01870	1	1	1
K01872	1	1	1
K01873	1	1	1
K01874	1	1	1
K01875	1	1	1
K01876	1	1	1
K01878	1	1	1
K01879	1	1	1
K01881	1	1	1
K01883	1	1	1
K01885	1	1	1
K01886	1	1	1
K01887	1	1	1
K01889	1	1	1
K01890	1	1	1
K01892	1	1	1
K01893	1	1	1
K01894	1	1	1
K01895	1	1	1
K01897	3	3	3
K01902	1	1	1
K01903	1	1	1
K01907	1	1	1
K01911	1	1	1
K01914	1	1	1
K01915	2	2	2
K01918	1	1	1
K01919	1	1	1
K01920	1	1	1
K01921	1	1	1
K01923	1	1	1
K01924	1	1	1
K01925	1	1	1
K01928	1	1	1
K01929	1	1	1
K01933	1	1	1
K01934	1	1	1
K01935	1	1	1
K01937	1	1	1
K01938	1	1	1
K01939	1	1	1
K01940	1	1	1
K01945	1	1	1
K01950	1	1	1
K01951	1	1	1
K01952	1	1	1
K01953	1	1	1
K01955	1	1	1
K01956	1	1	1
K01961	1	1	1
K01962	1	1	1
K01963	1	1	1
K01969	1	1	1
K01972	1	1	1
K01975	1	1	1
K01989	1	1	1
K01990	1	3	3
K01991	2	1	1
K01992	0	2	2
K01993	1	1	1
K01995	1	1	1
K01996	1	1	1
K01997	1	1	1
K01998	1	1	1
K01999	1	1	1
K02003	5	5	5
K02004	8	8	8
K02005	3	3	3
K02010	2	2	2
K02011	2	2	2
K02012	2	2	2
K02013	4	3	3
K02014	8	8	8
K02015	2	0	0
K02016	2	1	1
K02017	1	1	1
K02018	1	1	1
K02020	1	1	1
K02024	1	1	1
K02027	1	1	1
K02028	3	3	3
K02029	7	9	9
K02030	33	33	33
K02031	4	4	4
K02032	3	3	3
K02033	5	5	5
K02034	6	6	6
K02035	10	10	10
K02036	1	1	1
K02037	1	1	1
K02038	1	1	1
K02039	1	1	1
K02040	1	1	1
K02045	0	1	1
K02046	0	1	1
K02047	0	1	1
K02052	2	1	1
K02053	1	0	0
K02054	4	3	3
K02055	3	2	2
K02063	1	1	1
K02064	1	1	1
K02065	1	1	1
K02066	1	1	1
K02067	1	1	1
K02071	1	1	1
K02072	1	1	1
K02073	2	2	2
K02078	3	3	3
K02079	0	1	1
K02081	0	1	1
K02082	0	1	1
K02108	1	1	1
K02109	1	1	1
K02110	1	1	1
K02111	1	1	1
K02112	1	1	1
K02113	1	1	1
K02114	1	1	1
K02115	1	1	1
K02116	1	1	1
K02160	1	1	1
K02168	1	1	1
K02169	1	1	1
K02170	1	1	1
K02192	1	1	1
K02193	1	1	1
K02194	1	1	1
K02195	1	1	1
K02196	1	1	1
K02197	1	1	1
K02198	2	2	2
K02199	2	2	2
K02200	2	2	2
K02217	1	1	1
K02221	1	1	1
K02227	1	1	1
K02234	1	1	1
K02237	1	1	1
K02238	1	1	1
K02242	1	1	1
K02302	3	2	2
K02303	3	2	2
K02313	1	1	1
K02314	1	1	1
K02315	1	1	1
K02316	1	1	1
K02317	1	1	1
K02335	1	1	1
K02336	1	1	1
K02337	1	1	1
K02338	1	1	1
K02339	1	1	1
K02340	1	1	1
K02341	1	1	1
K02342	2	2	2
K02343	1	1	1
K02344	1	1	1
K02346	1	1	1
K02348	1	1	1
K02355	1	1	1
K02356	1	1	1
K02357	1	1	1
K02358	2	2	2
K02361	1	1	1
K02363	1	1	1
K02364	1	1	1
K02372	1	1	1
K02377	0	1	1
K02379	3	3	3
K02386	2	2	2
K02387	2	2	2
K02388	2	2	2
K02389	2	2	2
K02390	2	2	2
K02391	2	2	2
K02392	2	2	2
K02393	2	2	2
K02394	2	2	2
K02395	2	2	2
K02396	2	2	2
K02397	2	2	2
K02398	2	2	2
K02399	2	2	2
K02400	2	2	2
K02401	2	2	2
K02404	1	1	1
K02405	2	2	2
K02406	4	3	3
K02407	2	2	2
K02408	2	2	2
K02409	2	2	2
K02410	2	2	2
K02411	3	3	3
K02412	2	3	3
K02413	2	2	2
K02414	2	2	2
K02415	3	3	3
K02416	2	2	2
K02417	2	2	2
K02418	1	1	1
K02419	2	2	2
K02420	3	3	3
K02421	2	2	2
K02422	2	2	2
K02426	1	1	1
K02427	1	1	1
K02437	1	1	1
K02439	1	1	1
K02440	1	1	1
K02441	1	1	1
K02444	1	1	1
K02445	1	1	1
K02446	1	1	1
K02450	1	1	1
K02451	1	1	1
K02452	1	1	1
K02453	1	1	1
K02454	1	1	1
K02455	1	1	1
K02456	1	1	1
K02457	1	1	1
K02458	1	1	1
K02459	1	1	1
K02460	1	1	1
K02461	1	1	1
K02462	1	1	1
K02463	1	1	1
K02464	1	1	1
K02469	1	1	1
K02470	1	1	1
K02477	2	2	2
K02482	3	3	3
K02483	9	9	9
K02492	1	1	1
K02493	1	1	1
K02494	1	1	1
K02495	2	2	2
K02496	1	1	1
K02498	2	2	2
K02500	1	1	1
K02501	1	1	1
K02503	1	1	1
K02517	3	3	3
K02518	1	1	1
K02519	1	1	1
K02520	1	1	1
K02521	1	1	1
K02523	1	1	1
K02526	1	0	0
K02527	1	1	1
K02528	1	1	1
K02529	7	7	7
K02533	2	2	2
K02535	1	1	1
K02536	1	1	1
K02548	1	1	1
K02549	1	1	1
K02551	1	1	1
K02552	1	1	1
K02553	2	2	2
K02556	4	4	4
K02557	4	4	4
K02558	1	1	1
K02560	2	2	2
K02562	1	1	1
K02563	1	1	1
K02564	1	1	1
K02565	1	1	1
K02566	1	1	1
K02567	1	1	1
K02568	1	1	1
K02569	1	1	1
K02570	1	1	1
K02572	2	2	2
K02573	1	1	1
K02574	1	1	1
K02598	1	0	0
K02600	1	1	1
K02601	1	1	1
K02619	1	1	1
K02621	1	1	1
K02622	1	1	1
K02623	1	1	1
K02647	1	1	1
K02652	1	1	1
K02653	1	1	1
K02654	1	1	1
K02655	2	2	2
K02656	1	1	1
K02662	1	1	1
K02663	1	1	1
K02664	1	1	1
K02665	1	1	1
K02666	1	1	1
K02669	1	1	1
K02670	2	2	2
K02671	2	2	2
K02672	2	2	2
K02673	2	2	2
K02674	1	1	1
K02687	1	1	1
K02742	1	1	1
K02744	0	1	1
K02745	0	1	1
K02746	0	1	1
K02747	0	1	1
K02750	0	1	1
K02768	2	2	2
K02769	1	1	1
K02770	2	2	2
K02777	1	1	1
K02784	3	3	3
K02791	1	3	3
K02793	1	0	0
K02795	1	0	0
K02800	1	1	1
K02804	1	1	1
K02806	1	1	1
K02810	1	1	1
K02819	1	1	1
K02821	2	1	1
K02822	2	1	1
K02824	1	1	1
K02834	1	1	1
K02835	1	1	1
K02836	1	1	1
K02837	1	1	1
K02838	1	1	1
K02843	1	1	1
K02847	1	1	1
K02858	1	1	1
K02860	1	1	1
K02863	1	1	1
K02864	1	1	1
K02867	1	1	1
K02871	1	1	1
K02874	1	1	1
K02876	1	1	1
K02878	1	1	1
K02879	1	1	1
K02881	1	1	1
K02884	1	1	1
K02886	1	1	1
K02887	1	1	1
K02888	1	1	1
K02890	1	1	1
K02892	1	1	1
K02895	1	1	1
K02897	1	1	1
K02899	1	1	1
K02902	1	1	1
K02904	1	1	1
K02906	1	1	1
K02907	1	1	1
K02909	2	2	2
K02911	1	1	1
K02913	1	1	1
K02914	1	1	1
K02916	1	1	1
K02919	0	1	1
K02926	1	1	1
K02931	1	1	1
K02933	1	1	1
K02935	1	1	1
K02939	1	1	1
K02945	1	1	1
K02946	1	1	1
K02948	1	1	1
K02950	1	1	1
K02952	1	1	1
K02954	1	1	1
K02956	1	1	1
K02959	1	1	1
K02961	1	1	1
K02963	1	1	1
K02965	1	1	1
K02967	1	1	1
K02968	1	1	1
K02970	1	1	1
K02982	1	1	1
K02986	1	1	1
K02988	1	1	1
K02990	1	1	1
K02992	1	1	1
K02994	1	1	1
K02996	1	1	1
K03040	1	1	1
K03043	1	1	1
K03046	1	1	1
K03060	1	1	1
K03070	1	1	1
K03071	1	1	1
K03072	2	2	2
K03073	1	1	1
K03074	2	2	2
K03075	1	1	1
K03076	1	1	1
K03077	1	0	0
K03078	1	0	0
K03079	1	0	0
K03086	1	1	1
K03087	1	1	1
K03088	3	3	3
K03089	1	1	1
K03092	1	1	1
K03098	1	1	1
K03100	1	1	1
K03101	1	1	1
K03106	1	1	1
K03110	1	1	1
K03111	1	1	1
K03112	1	1	1
K03113	1	1	1
K03116	2	2	2
K03117	1	1	1
K03118	1	1	1
K03147	1	1	1
K03148	1	1	1
K03149	1	1	1
K03150	1	1	1
K03151	1	1	1
K03152	1	2	2
K03154	1	1	1
K03168	1	1	1
K03169	1	1	2
K03177	1	1	1
K03179	1	1	1
K03181	1	1	1
K03182	1	1	1
K03183	1	1	1
K03184	1	1	1
K03185	1	1	1
K03186	1	1	1
K03194	0	0	1
K03195	0	0	1
K03196	0	0	1
K03199	0	0	1
K03200	0	0	1
K03201	0	0	1
K03203	0	0	1
K03204	0	0	1
K03205	0	0	1
K03207	0	1	1
K03210	1	1	1
K03215	2	2	2
K03216	1	1	1
K03217	1	1	1
K03218	1	1	1
K03219	1	1	1
K03220	1	1	1
K03221	1	1	1
K03222	1	1	1
K03223	1	1	1
K03224	1	1	1
K03225	1	1	1
K03226	1	1	1
K03227	1	1	1
K03228	1	1	1
K03229	1	1	1
K03230	1	1	1
K03248	1	1	1
K03269	1	1	1
K03270	1	1	1
K03271	2	2	2
K03272	1	1	1
K03273	1	1	1
K03274	1	1	1
K03281	1	1	1
K03282	1	1	1
K03284	1	1	1
K03286	6	8	8
K03291	1	1	1
K03298	1	1	1
K03299	3	3	3
K03304	1	1	1
K03305	3	3	3
K03306	1	1	1
K03307	2	2	2
K03308	2	2	2
K03310	3	3	3
K03311	2	2	2
K03312	1	1	1
K03313	1	1	1
K03314	1	1	1
K03315	1	2	2
K03316	1	1	1
K03317	3	3	3
K03319	0	1	1
K03320	1	1	1
K03321	2	2	2
K03322	1	1	1
K03325	1	1	1
K03326	3	2	2
K03385	1	1	1
K03386	1	1	1
K03387	1	1	1
K03402	2	2	2
K03406	40	39	39
K03407	2	2	2
K03408	3	3	3
K03409	2	2	2
K03410	1	1	1
K03411	1	1	1
K03412	2	2	2
K03413	3	3	3
K03414	1	1	1
K03415	4	4	4
K03417	1	1	1
K03424	3	3	3
K03426	1	1	1
K03427	0	4	4
K03430	1	1	1
K03431	1	1	1
K03435	1	1	1
K03438	1	1	1
K03439	1	1	1
K03442	1	1	1
K03445	0	1	1
K03446	1	1	1
K03449	2	2	2
K03455	1	1	1
K03466	1	1	1
K03468	0	1	1
K03469	1	1	1
K03470	1	1	1
K03472	1	1	1
K03473	1	1	1
K03474	1	1	1
K03475	2	1	1
K03476	1	0	0
K03477	1	0	0
K03482	0	1	1
K03485	1	1	1
K03491	1	1	1
K03495	1	1	1
K03496	3	5	6
K03497	1	1	1
K03498	3	3	3
K03499	2	2	2
K03500	2	2	2
K03501	1	1	1
K03502	2	1	1
K03503	2	1	1
K03517	1	1	1
K03521	1	1	1
K03522	1	1	1
K03524	1	1	1
K03526	1	1	1
K03527	1	1	1
K03528	1	1	1
K03529	1	1	1
K03530	2	2	2
K03531	1	1	1
K03532	2	2	2
K03533	1	1	1
K03536	1	1	1
K03543	1	1	1
K03544	1	1	1
K03545	1	1	1
K03546	1	1	1
K03547	1	1	1
K03548	1	1	1
K03549	1	1	1
K03550	1	1	1
K03551	1	1	1
K03553	1	1	1
K03554	2	1	1
K03555	1	1	1
K03557	1	1	1
K03558	1	1	1
K03559	3	3	3
K03561	5	5	5
K03562	1	1	1
K03563	1	1	1
K03564	1	1	1
K03565	1	1	1
K03566	5	5	5
K03567	2	2	2
K03568	2	2	2
K03569	1	1	1
K03570	1	1	1
K03571	1	1	1
K03572	1	1	1
K03573	1	1	1
K03574	4	6	6
K03575	1	1	1
K03576	1	1	1
K03578	1	1	1
K03579	1	1	1
K03580	1	1	1
K03581	1	1	1
K03582	1	1	1
K03583	1	1	1
K03584	1	1	1
K03585	7	7	7
K03586	1	1	1
K03587	1	1	1
K03588	1	1	1
K03589	1	1	1
K03590	1	1	1
K03591	1	1	1
K03592	2	2	2
K03593	1	1	1
K03594	1	1	1
K03595	1	1	1
K03596	1	1	1
K03597	1	1	1
K03598	1	1	1
K03599	1	1	1
K03600	1	1	1
K03601	1	1	1
K03602	1	1	1
K03603	1	1	1
K03605	1	1	1
K03606	1	0	0
K03607	1	1	1
K03608	1	1	1
K03609	1	1	1
K03610	1	1	1
K03611	1	1	1
K03612	1	1	1
K03613	1	1	1
K03614	1	1	1
K03615	1	1	1
K03616	1	1	1
K03617	1	1	1
K03621	1	1	1
K03624	1	1	1
K03625	1	1	1
K03628	1	1	1
K03629	1	1	1
K03630	4	3	3
K03631	1	1	1
K03632	1	1	1
K03633	1	1	1
K03634	2	2	2
K03635	1	1	1
K03636	1	1	1
K03637	1	1	1
K03638	1	1	1
K03639	1	1	1
K03640	1	1	1
K03641	1	1	1
K03642	2	2	2
K03643	1	1	1
K03644	1	1	1
K03645	1	1	1
K03646	1	1	1
K03648	1	1	1
K03650	1	1	1
K03651	1	1	1
K03654	1	1	1
K03655	1	1	1
K03656	1	1	1
K03657	3	2	2
K03658	0	1	1
K03664	1	1	1
K03665	1	1	1
K03666	2	2	2
K03667	1	1	1
K03668	2	2	2
K03671	2	2	2
K03672	1	1	1
K03673	2	3	3
K03674	1	1	1
K03683	1	1	1
K03684	1	1	1
K03685	1	1	1
K03686	1	1	1
K03687	1	1	1
K03688	1	1	1
K03690	1	1	1
K03694	1	1	1
K03695	1	1	1
K03699	3	3	3
K03701	1	1	1
K03702	1	1	1
K03703	1	1	1
K03704	4	4	4
K03710	2	4	4
K03711	1	1	1
K03717	2	2	2
K03718	1	1	1
K03719	3	3	3
K03721	1	1	1
K03722	2	2	2
K03723	1	1	1
K03724	1	0	0
K03732	1	1	1
K03733	1	1	1
K03734	2	2	2
K03737	2	3	3
K03743	1	1	1
K03744	1	1	1
K03745	1	1	1
K03746	4	7	7
K03747	1	1	1
K03748	1	1	1
K03749	1	1	1
K03750	2	2	2
K03752	1	1	1
K03753	1	1	1
K03757	1	1	1
K03758	2	2	2
K03760	1	1	1
K03762	1	1	1
K03764	1	1	1
K03765	1	1	1
K03768	1	1	1
K03770	1	1	1
K03771	1	1	1
K03772	3	3	3
K03773	2	2	2
K03774	1	1	1
K03775	1	1	1
K03776	4	4	4
K03778	1	1	1
K03781	1	1	1
K03782	1	1	1
K03784	1	1	1
K03786	1	1	1
K03787	1	1	1
K03788	1	1	1
K03789	3	3	3
K03790	1	1	1
K03797	1	1	1
K03798	1	1	1
K03799	1	1	1
K03800	1	1	1
K03801	1	1	1
K03803	1	1	1
K03804	1	1	1
K03806	1	1	1
K03808	3	3	3
K03810	1	1	1
K03811	1	1	1
K03812	1	1	1
K03814	1	1	1
K03817	2	1	1
K03820	1	1	1
K03824	1	1	1
K03825	1	1	1
K03826	2	2	2
K03827	1	1	1
K03828	1	1	1
K03830	2	2	2
K03831	1	1	1
K03832	3	3	3
K03833	1	1	1
K03834	1	1	1
K03835	1	1	1
K03837	4	4	4
K03838	0	1	1
K03839	2	2	2
K03840	1	1	1
K03841	1	1	1
K03885	1	1	1
K03892	2	2	2
K03924	4	4	4
K03925	1	1	1
K03926	1	1	1
K03928	1	1	1
K03931	0	1	1
K03969	2	2	2
K03970	1	1	1
K03972	2	1	1
K03973	1	1	1
K03974	1	1	1
K03975	3	3	3
K03976	1	1	1
K03977	1	1	1
K03978	1	1	1
K03979	1	1	1
K03980	1	1	1
K03981	1	1	1
K04013	1	1	1
K04014	1	1	1
K04015	1	1	1
K04018	1	1	1
K04042	1	1	1
K04043	1	1	1
K04044	1	1	1
K04046	1	1	1
K04047	2	2	2
K04049	1	1	1
K04050	1	1	1
K04051	1	1	1
K04052	1	1	1
K04053	1	1	1
K04054	1	1	1
K04056	1	1	1
K04057	1	1	1
K04058	1	1	1
K04059	1	1	1
K04060	1	1	1
K04062	0	1	1
K04066	1	1	1
K04068	1	1	1
K04069	3	3	3
K04072	1	1	1
K04075	1	1	1
K04077	1	1	1
K04078	1	1	1
K04079	1	1	1
K04080	2	2	2
K04082	1	1	1
K04083	1	1	1
K04084	1	1	1
K04085	2	2	2
K04087	1	1	1
K04088	1	1	1
K04095	1	0	0
K04096	1	1	1
K04334	1	1	1
K04335	1	1	1
K04337	1	1	1
K04338	1	1	1
K04477	1	1	1
K04485	1	1	1
K04487	1	1	1
K04488	1	1	1
K04562	1	1	1
K04564	2	2	2
K04567	1	1	1
K04651	1	1	1
K04652	1	1	1
K04653	1	1	1
K04654	1	1	1
K04655	1	1	1
K04656	1	1	1
K04691	1	1	1
K04744	1	1	1
K04749	2	2	2
K04751	2	2	2
K04752	2	2	2
K04754	1	1	1
K04755	1	1	1
K04757	1	1	1
K04758	1	1	1
K04759	1	1	1
K04760	1	1	1
K04761	2	2	2
K04762	1	1	1
K04763	1	1	1
K04764	1	1	1
K04765	1	1	1
K04767	1	1	1
K04770	1	1	1
K04771	1	1	1
K04772	1	1	1
K04773	1	1	1
K04774	1	1	1
K05306	1	1	1
K05365	1	1	1
K05366	1	1	1
K05367	1	1	1
K05368	1	1	1
K05501	1	1	1
K05515	1	1	1
K05517	1	1	1
K05523	1	1	1
K05526	1	1	1
K05527	1	1	1
K05539	1	1	1
K05540	1	1	1
K05541	1	1	1
K05589	1	1	1
K05590	1	1	1
K05591	1	1	1
K05592	1	1	1
K05595	3	3	3
K05596	1	1	1
K05601	1	1	1
K05605	1	1	1
K05685	1	1	1
K05772	1	1	1
K05773	1	1	1
K05775	1	1	1
K05777	1	1	1
K05778	1	1	1
K05779	1	1	1
K05782	1	1	1
K05785	1	1	1
K05786	2	2	2
K05787	1	1	1
K05788	1	1	1
K05796	1	1	1
K05798	1	1	1
K05799	1	1	1
K05801	2	2	2
K05802	1	1	1
K05803	1	1	1
K05805	1	1	1
K05807	1	1	1
K05808	1	1	1
K05809	1	1	1
K05810	1	1	1
K05812	2	2	2
K05820	1	1	1
K05825	1	1	1
K05834	1	1	1
K05835	2	2	2
K05836	1	1	1
K05837	1	1	1
K05838	1	1	1
K05844	1	1	1
K05851	1	1	1
K05873	1	0	0
K05878	1	1	1
K05879	1	1	1
K05880	1	1	1
K05881	1	1	1
K05896	1	1	1
K05916	1	1	1
K05952	1	1	1
K05994	1	1	1
K05995	1	1	1
K06020	1	1	1
K06024	1	1	1
K06039	1	1	1
K06041	1	1	1
K06073	1	1	1
K06074	1	1	1
K06075	1	1	1
K06076	3	3	3
K06077	3	3	3
K06078	1	1	1
K06080	1	1	1
K06131	1	1	1
K06132	1	1	1
K06133	1	1	1
K06140	1	1	1
K06142	1	1	1
K06143	1	1	1
K06145	2	2	2
K06149	2	2	2
K06153	1	1	1
K06156	1	1	1
K06158	2	2	2
K06159	1	1	1
K06168	1	1	1
K06169	1	1	1
K06173	1	1	1
K06175	1	1	1
K06176	1	1	1
K06177	3	3	3
K06178	1	1	1
K06179	1	1	1
K06180	2	2	2
K06181	1	1	1
K06182	1	1	1
K06183	1	1	1
K06186	1	1	1
K06187	1	1	1
K06188	1	1	1
K06189	1	1	1
K06190	1	1	1
K06192	2	2	2
K06193	1	1	1
K06194	1	1	1
K06195	1	1	1
K06199	1	1	1
K06200	1	1	1
K06201	1	1	1
K06202	1	1	1
K06203	1	1	1
K06204	3	3	3
K06205	2	2	2
K06206	1	1	1
K06207	1	1	1
K06212	1	1	1
K06213	2	2	2
K06214	1	1	1
K06217	1	1	1
K06218	0	1	1
K06219	1	1	1
K06222	1	0	0
K06223	1	1	1
K06281	1	1	1
K06282	1	1	1
K06287	1	1	1
K06415	1	1	1
K06445	2	2	2
K06447	1	1	1
K06518	2	2	2
K06603	0	1	1
K06726	1	1	1
K06858	1	0	0
K06859	1	0	0
K06861	1	1	1
K06864	1	1	1
K06866	1	1	1
K06871	1	1	1
K06872	1	1	1
K06876	1	1	1
K06878	2	1	1
K06879	1	1	1
K06889	0	1	1
K06891	1	1	1
K06894	1	1	1
K06895	1	1	1
K06897	1	1	1
K06899	1	1	1
K06901	3	3	3
K06911	2	2	2
K06915	1	0	0
K06916	1	1	1
K06917	1	1	1
K06918	1	1	1
K06919	1	3	3
K06920	1	1	1
K06925	1	1	1
K06927	1	1	1
K06933	1	1	1
K06938	2	1	1
K06940	2	2	2
K06941	1	1	1
K06942	1	1	1
K06949	1	1	1
K06954	1	1	1
K06956	2	2	2
K06957	1	1	1
K06958	1	1	1
K06959	1	1	1
K06966	1	1	1
K06968	1	1	1
K06969	1	1	1
K06970	1	1	1
K06975	1	1	1
K06980	1	1	1
K06985	1	1	1
K06995	1	1	1
K06996	0	1	1
K06997	1	1	1
K06998	1	0	0
K06999	2	2	2
K07000	2	2	2
K07001	6	6	6
K07002	0	1	1
K07003	1	1	1
K07004	1	1	1
K07010	1	1	1
K07014	1	1	1
K07019	1	1	1
K07020	1	1	1
K07025	2	2	2
K07027	1	1	1
K07034	1	1	1
K07038	2	2	2
K07039	0	1	1
K07040	0	1	1
K07042	1	1	1
K07043	1	1	1
K07052	1	2	2
K07053	1	1	1
K07056	1	1	1
K07058	1	1	1
K07070	1	1	1
K07071	1	1	1
K07078	1	1	1
K07080	3	3	3
K07082	1	1	1
K07084	1	1	1
K07085	2	2	2
K07086	1	1	1
K07089	1	1	1
K07090	3	3	3
K07091	1	1	1
K07095	1	1	1
K07102	1	1	1
K07107	3	3	3
K07109	1	1	1
K07112	2	2	2
K07113	1	1	1
K07114	4	4	4
K07115	1	1	1
K07118	1	1	1
K07121	1	1	1
K07122	1	1	1
K07126	4	5	5
K07136	2	2	2
K07139	1	1	1
K07140	1	1	1
K07141	1	1	1
K07147	1	1	1
K07152	1	1	1
K07153	1	1	1
K07154	1	2	2
K07157	2	2	2
K07167	1	1	1
K07173	1	1	1
K07175	1	1	1
K07178	1	1	1
K07180	1	1	1
K07181	1	1	1
K07182	1	1	1
K07184	1	1	1
K07186	1	1	1
K07213	1	1	1
K07216	1	1	1
K07219	3	3	3
K07220	1	1	1
K07223	1	1	1
K07226	1	1	1
K07227	1	1	1
K07229	1	1	1
K07234	1	1	1
K07235	1	1	1
K07236	1	1	1
K07237	1	1	1
K07238	1	1	1
K07240	1	1	1
K07243	1	1	1
K07250	1	1	1
K07251	1	1	1
K07258	2	2	2
K07259	1	1	1
K07260	1	1	1
K07261	1	1	1
K07262	2	2	2
K07263	1	1	1
K07269	1	1	1
K07270	1	1	1
K07274	1	1	1
K07275	1	1	1
K07277	1	1	1
K07278	1	1	1
K07285	1	1	1
K07286	1	1	1
K07287	1	1	1
K07289	1	1	1
K07300	1	1	1
K07301	3	2	2
K07304	1	1	1
K07305	1	1	1
K07320	1	1	1
K07323	1	1	1
K07326	1	0	0
K07334	0	1	1
K07335	1	1	1
K07337	1	1	1
K07340	1	2	2
K07346	0	1	1
K07347	0	1	1
K07386	2	2	2
K07390	1	1	1
K07391	1	1	1
K07394	1	1	1
K07396	1	1	1
K07397	1	1	1
K07400	1	1	1
K07401	1	1	1
K07402	1	1	1
K07407	1	1	1
K07443	1	1	1
K07447	1	1	1
K07448	0	2	2
K07451	0	1	1
K07452	0	1	1
K07454	0	2	2
K07459	1	2	2
K07460	1	1	1
K07461	1	1	1
K07462	1	1	1
K07478	1	1	1
K07479	1	1	1
K07481	0	1	1
K07483	8	3	3
K07486	2	2	2
K07488	0	6	6
K07491	0	1	1
K07493	0	1	1
K07495	0	3	3
K07497	9	9	9
K07504	1	0	0
K07505	0	1	1
K07506	3	2	2
K07507	1	2	2
K07552	2	2	2
K07559	1	0	0
K07560	1	1	1
K07566	2	2	2
K07568	1	1	1
K07574	1	1	1
K07636	1	1	1
K07637	2	2	2
K07638	3	3	3
K07639	1	1	1
K07640	1	1	1
K07641	1	1	1
K07645	1	1	1
K07646	1	1	1
K07647	1	1	1
K07648	1	1	1
K07649	1	1	1
K07657	1	1	1
K07659	2	2	2
K07660	1	1	1
K07661	1	1	1
K07662	1	1	1
K07663	1	1	1
K07666	1	1	1
K07667	1	1	1
K07674	1	1	1
K07675	1	1	1
K07678	1	1	1
K07679	4	4	4
K07685	1	1	1
K07686	1	1	1
K07687	1	1	1
K07689	1	1	1
K07700	1	1	1
K07708	1	1	1
K07711	1	1	1
K07712	1	1	1
K07715	1	1	1
K07726	2	2	2
K07727	3	1	1
K07729	0	1	1
K07733	2	2	2
K07734	0	1	1
K07735	1	1	1
K07738	1	1	1
K07740	1	1	1
K07741	0	1	1
K07751	2	2	2
K07772	1	1	1
K07773	1	1	1
K07774	1	1	1
K07783	2	1	1
K07784	1	1	1
K07787	1	1	1
K07791	1	1	1
K07792	1	1	1
K07793	1	1	1
K07794	1	1	1
K07795	1	1	1
K07798	1	1	1
K07810	1	1	1
K07811	1	1	1
K07812	1	1	1
K07814	4	4	4
K07862	1	1	1
K08084	3	3	3
K08086	1	1	1
K08094	0	1	1
K08154	1	1	1
K08162	2	1	1
K08163	1	1	1
K08168	1	1	1
K08177	1	1	1
K08218	1	1	1
K08224	1	1	1
K08234	1	1	1
K08276	1	1	1
K08281	1	1	1
K08289	1	1	1
K08296	1	1	1
K08300	1	1	1
K08301	1	1	1
K08302	0	1	1
K08303	1	1	1
K08304	1	1	1
K08305	2	2	2
K08306	1	1	1
K08307	2	2	2
K08309	3	3	3
K08310	1	1	1
K08311	1	1	1
K08312	1	1	1
K08315	1	1	1
K08316	1	1	1
K08325	2	2	2
K08344	1	1	1
K08475	1	0	0
K08476	1	0	0
K08478	1	0	0
K08483	1	1	1
K08484	1	1	1
K08485	1	1	1
K08591	1	1	1
K08602	1	1	1
K08604	1	1	1
K08659	1	1	1
K08676	1	1	1
K08679	1	1	1
K08680	1	1	1
K08682	1	1	1
K08713	1	1	1
K08720	2	3	3
K08722	1	1	1
K08723	1	1	1
K08968	1	1	1
K08983	1	1	1
K08988	1	1	1
K08990	1	1	1
K08992	1	1	1
K08993	1	1	1
K08997	1	1	1
K09001	1	1	1
K09012	1	1	1
K09021	1	1	1
K09022	3	4	4
K09117	1	1	1
K09125	1	1	1
K09131	1	1	1
K09136	1	1	1
K09158	1	1	1
K09159	1	1	1
K09160	1	1	1
K09161	1	1	1
K09181	1	1	1
K09458	1	1	1
K09471	4	4	4
K09472	1	1	1
K09699	1	1	1
K09701	1	1	1
K09702	1	1	1
K09710	1	1	1
K09747	1	1	1
K09748	1	1	1
K09749	1	1	1
K09760	1	1	1
K09761	1	1	1
K09767	1	1	1
K09768	1	1	1
K09773	1	1	1
K09774	1	1	1
K09780	1	1	1
K09781	1	1	1
K09786	1	1	1
K09790	1	1	1
K09791	1	1	1
K09792	1	1	1
K09794	1	1	1
K09796	1	1	1
K09800	1	1	1
K09801	1	1	1
K09802	1	1	1
K09806	1	1	1
K09807	1	1	1
K09808	2	2	2
K09810	2	2	2
K09811	1	1	1
K09812	1	1	1
K09815	1	1	1
K09816	1	1	1
K09817	1	1	1
K09823	1	1	1
K09824	2	2	2
K09857	1	1	1
K09859	1	1	1
K09860	1	1	1
K09861	1	1	1
K09862	1	1	1
K09888	1	1	1
K09889	1	1	1
K09890	1	1	1
K09891	1	1	1
K09892	1	1	1
K09893	1	1	1
K09894	1	1	1
K09895	1	1	1
K09896	1	1	1
K09897	1	1	1
K09898	1	1	1
K09899	1	1	1
K09900	1	1	1
K09901	2	2	2
K09902	1	1	1
K09903	1	1	1
K09904	1	1	1
K09907	1	1	1
K09908	1	1	1
K09909	2	2	2
K09910	1	1	1
K09913	1	1	1
K09915	1	1	1
K09916	1	1	1
K09918	1	1	1
K09920	1	1	1
K09921	1	1	1
K09922	1	1	1
K09923	1	1	1
K09926	1	1	1
K09927	1	1	1
K09928	2	2	2
K09929	1	1	1
K09930	2	2	2
K09933	1	1	1
K09937	1	1	1
K09938	1	1	1
K09939	1	1	1
K09945	2	1	1
K09950	1	1	1
K09954	1	1	1
K09962	1	1	1
K09973	1	1	1
K09975	1	1	1
K09983	1	1	1
K09989	1	1	1
K09994	1	1	1
K09998	1	1	1
K09999	1	1	1
K10000	1	1	1
K10022	2	2	2
K10023	1	1	1
K10024	1	1	1
K10026	1	1	1
K10108	1	1	1
K10109	1	1	1
K10110	1	1	1
K10111	1	1	1
K10117	1	1	1
K10123	1	1	1
K10439	1	1	1
K10440	1	1	1
K10441	1	1	1
K10536	3	1	1
K10540	1	1	1
K10541	1	1	1
K10542	1	1	1
K10563	1	1	1
K10680	1	1	1
K10716	1	1	1
K10748	1	1	1
K10763	1	1	1
K10773	1	1	1
K10778	1	1	1
K10804	1	1	1
K10805	1	1	1
K10806	2	2	2
K10829	1	1	1
K10834	1	1	1
K10906	2	1	1
K10912	1	1	1
K10913	1	1	1
K10914	1	1	1
K10925	2	2	2
K10926	1	1	1
K10927	1	1	1
K10941	1	1	1
K10942	1	1	1
K10943	2	2	2
K10952	1	0	0
K10954	1	1	1
K10974	1	1	1
K11021	0	1	1
K11023	0	1	1
K11041	1	1	1
K11065	1	1	1
K11066	1	1	1
K11068	1	1	1
K11069	1	1	1
K11070	2	2	2
K11071	2	2	2
K11072	1	1	1
K11073	3	2	2
K11074	1	1	1
K11075	1	1	1
K11076	1	1	1
K11085	1	1	1
K11103	1	1	1
K11105	2	2	2
K11107	1	1	1
K11175	1	1	1
K11179	1	1	1
K11183	1	1	1
K11200	1	1	1
K11203	1	1	1
K11206	1	1	1
K11209	1	1	1
K11211	1	1	1
K11249	2	1	1
K11258	0	1	1
K11391	1	1	1
K11392	1	1	1
K11418	1	1	1
K11527	1	1	1
K11530	1	1	1
K11535	1	1	1
K11538	1	1	1
K11616	1	1	1
K11717	1	1	1
K11719	1	1	1
K11720	1	1	1
K11734	1	1	1
K11739	0	1	1
K11740	0	1	1
K11742	1	1	1
K11743	1	1	1
K11747	1	1	1
K11748	1	1	1
K11749	1	1	1
K11750	1	1	1
K11751	3	3	3
K11752	1	1	1
K11753	1	1	1
K11754	1	1	1
K11755	1	1	1
K11891	1	1	1
K11892	1	1	1
K11893	1	1	1
K11894	1	1	1
K11895	1	1	1
K11896	1	1	1
K11900	1	1	1
K11901	1	1	1
K11903	5	3	3
K11904	6	4	4
K11905	1	1	1
K11906	1	1	1
K11907	1	1	1
K11908	1	1	1
K11909	1	1	1
K11910	1	1	1
K11911	1	1	1
K11921	2	2	2
K11922	1	1	1
K11925	1	1	1
K11926	1	1	1
K11927	4	4	4
K11928	1	1	1
K11930	1	1	1
K11931	1	1	1
K11933	1	1	1
K11935	1	1	1
K11936	1	1	1
K11991	1	1	1
K12056	0	1	1
K12057	0	1	1
K12058	0	1	1
K12059	0	1	1
K12060	0	1	1
K12061	0	1	1
K12063	0	1	1
K12064	0	1	1
K12065	0	1	1
K12066	0	1	1
K12067	0	1	1
K12068	0	1	1
K12072	0	1	1
K12111	1	1	1
K12112	1	1	1
K12113	1	1	1
K12136	1	1	1
K12137	1	1	1
K12138	1	1	1
K12143	1	1	1
K12149	1	1	1
K12152	1	1	1
K12251	1	0	0
K12254	1	1	1
K12256	1	1	1
K12262	2	1	1
K12276	1	1	1
K12278	1	1	1
K12279	2	2	2
K12280	1	1	1
K12281	1	1	1
K12282	1	1	1
K12283	1	1	1
K12284	1	1	1
K12285	1	1	1
K12286	1	1	1
K12287	1	1	1
K12297	1	1	1
K12340	2	2	2
K12373	2	2	2
K12410	1	1	1
K12524	1	1	1
K12525	1	1	1
K12527	1	1	1
K12528	1	1	1
K12529	1	1	1
K12541	1	1	1
K12542	1	1	1
K12543	1	1	1
K12573	1	1	1
K12700	1	0	0
K12940	1	1	1
K12942	1	1	1
K12972	1	1	1
K12976	1	1	1
K12982	1	1	1
K12984	1	1	1
K13001	0	1	1
K13002	0	1	1
K13010	0	1	1
K13012	1	1	1
K13038	1	1	1
K13283	2	2	2
K13288	1	1	1
K13292	1	1	1
K13378	1	1	1
K13381	0	1	1
K13479	1	1	1
K13480	1	1	1
K13498	1	1	1
K13529	1	1	1
K13590	2	3	3
K13628	1	1	1
K13629	1	1	1
K13633	1	1	1
K13634	2	2	2
K13635	0	1	1
K13636	1	1	1
K13638	1	1	1
K13643	1	1	1
K13652	2	2	2
K13694	2	1	1
K13695	1	1	1
K13766	1	1	1
K13771	2	2	2
K13788	1	1	1
K13821	1	1	1
K13888	1	1	1
K13894	1	1	1
K13895	1	1	1
K13936	1	1	1
K13938	1	1	1
K13954	1	1	1
K14016	1	1	1
K14052	2	2	2
K14055	1	1	1
K14056	2	2	2
K14058	1	1	1
K14059	2	1	1
K14060	1	2	2
K14153	1	1	1
K14155	2	4	4
K14170	1	1	1
K14187	1	1	1
K14205	1	1	1
K14260	1	1	1
K14347	1	1	1
K14392	1	1	1
K14393	1	1	1
K14441	1	1	1
K14445	2	2	2
K14540	1	1	1
K14652	1	1	1
K14657	2	1	1
K14682	1	1	1
K14683	1	1	1
K14742	1	1	1
K14761	1	1	1
K15034	1	1	1
K15125	1	0	0
K15126	1	1	1
K15256	1	1	1
K15257	1	1	1
K15268	1	1	1
K15269	0	1	1
K15270	2	2	2
K15368	1	1	1
K15371	1	1	1
K15396	1	1	1
K15460	1	1	1
K15461	1	1	1
K15524	1	1	1
K15536	1	1	1
K15537	1	1	1
K15539	1	1	1
K15545	1	1	1
K15580	4	4	4
K15581	1	1	1
K15582	1	1	1
K15583	1	1	1
K15633	1	1	1
K15723	1	1	1
K15724	1	1	1
K15735	1	1	1
K15738	1	1	1
K15771	1	1	1
K15773	0	1	1
K15777	1	1	1
K15832	1	1	1
K15834	1	0	0
K15836	1	1	1
K15852	3	3	3
K15894	1	1	1
K15898	0	1	1
K15899	1	1	1
K15977	3	3	3
K15984	1	1	1
K15986	1	1	1
K16011	0	1	1
K16012	1	1	1
K16013	1	1	1
K16044	1	1	1
K16053	1	1	1
K16066	1	1	1
K16074	1	1	1
K16077	1	1	1
K16087	1	1	1
K16089	2	2	2
K16092	1	1	1
K16135	1	1	1
K16136	1	1	1
K16137	1	1	1
K16171	1	1	1
K16263	1	1	1
K16264	0	1	1
K16322	1	1	1
K16328	1	1	1
K16329	1	1	1
K16345	1	1	1
K16346	1	1	1
K16371	0	1	1
K16554	1	0	0
K16568	1	1	1
K16636	1	1	1
K16869	1	1	1
K16872	1	1	1
K16950	1	1	1
K16951	1	1	1
K16961	1	1	1
K16962	1	1	1
K16963	1	1	1
K17218	1	1	1
K17230	2	2	2
K17247	1	1	1
K17290	1	1	1
K17315	1	1	1
K17463	1	1	1
K17467	1	0	0
K17686	1	1	1
K17713	1	1	1
K17758	1	1	1
K17836	0	0	1
K17837	1	1	1
K18098	2	2	2
K18136	1	1	1
K18138	7	7	7
K18139	1	1	1
K18143	1	1	1
K18144	1	1	1
K18145	1	1	1
K18146	1	1	1
K18189	1	1	1
K18218	1	1	1
K18234	1	1	1
K18301	1	1	1
K18326	1	1	1
K18367	1	1	1
K18446	1	1	1
K18555	1	1	1
K18575	1	1	1
K18588	1	1	1
K18640	1	1	1
K18657	1	1	1
K18676	1	1	1
K18691	2	2	2
K18697	2	2	2
K18698	0	0	1
K18765	3	3	3
K18778	1	1	1
K18800	1	1	1
K18816	1	0	0
K18828	0	1	1
K18829	1	1	1
K18831	1	1	1
K18838	2	2	2
K18850	1	1	1
K18889	1	1	1
K18890	1	1	1
K18900	1	1	1
K18918	0	1	1
K18923	0	1	1
K18927	1	1	1
K18967	1	1	1
K18979	1	1	1
K19000	1	1	1
K19055	2	2	2
K19068	1	0	0
K19092	0	3	3
K19113	1	1	1
K19147	0	1	1
K19213	1	1	1
K19222	1	1	1
K19226	1	1	1
K19227	1	1	1
K19228	1	1	1
K19229	1	1	1
K19230	1	1	1
K19235	2	2	2
K19236	1	1	1
K19270	1	1	1
K19285	1	1	1
K19302	1	2	2
K19304	3	3	3
K19333	1	0	0
K19334	2	1	1
K19337	1	1	1
K19416	1	1	1
K19577	1	1	1
K19591	1	1	1
K19694	1	1	1
K19745	1	1	1
K19789	1	1	1
K19803	1	1	1
K19804	1	1	1
K20034	1	1	1
K20265	3	3	3
K20276	1	1	1
K20534	1	1	1
K20755	1	1	1
K20801	1	1	1
K20862	1	1	1
K20881	1	1	1
K20918	1	1	1
K20920	1	0	0
K20968	1	1	1
K20974	2	2	2
K20975	1	1	1
K20976	1	1	1
K20988	1	0	0
K21021	1	1	1
K21022	1	1	1
K21024	1	1	1
K21028	1	1	1
K21029	2	2	2
K21053	1	1	1
K21064	4	3	3
K21088	2	2	2
K21217	1	1	1
K21218	1	1	1
K21405	1	1	1
K21420	1	1	1
K21429	1	0	0
K21470	1	1	1
K21498	0	1	1
K21606	1	1	1
K21636	1	1	1
K21695	0	1	1
K21698	1	1	1
K21712	1	1	1
K21741	1	0	0
K21757	1	1	1
K21900	1	1	1
K21929	1	1	1
K21936	1	1	1
K21964	1	0	0
K21965	2	1	1
K21966	2	2	2
K21973	1	1	1
K22015	1	1	1
K22042	2	2	2
K22105	1	1	1
K22106	1	1	1
K22132	1	1	1
K22205	1	1	1
K22278	1	1	1
K22292	1	1	1
K22302	1	0	0
K22314	1	1	1
K22450	1	1	1
K22452	1	1	1
K22468	1	1	1
K22491	1	1	1
K22719	1	1	1
K22900	1	1	1
K23010	1	1	1
K23163	0	1	1
K23187	1	1	1
K23227	1	1	1
K23228	1	1	1
K23239	1	1	1
K23240	1	1	1
K23349	1	1	1
K23475	1	1	1
K23476	1	1	1
K23504	1	0	0
K23535	1	1	1
K23536	1	1	1
K23537	1	1	1
K23541	1	1	1
K23773	1	1	1
K23777	1	1	1
K23779	1	1	1
K23997	1	1	1
K24118	1	1	1
K24119	1	1	1
K24138	1	1	1
K24160	1	1	1
K24180	1	1	1
K24204	1	1	1
K24206	1	1	1
K24258	1	0	0
K24300	1	1	1
K24310	1	1	1
K24344	1	1	1
K24843	1	1	1
K24844	1	1	1
K24845	1	1	1
K24847	1	1	1
K24866	3	2	2
K25026	1	1	1
K25132	1	1	1
K25133	1	1	1
K25135	3	3	3
K25181	0	1	1
K25182	0	1	1
K25183	0	1	1
K25227	1	1	1
K25316	1	1	1
K25317	1	1	1
K25422	1	1	1
K25590	1	1	1
K25706	1	1	1
K26057	1	1	1
K26063	1	1	1
K26148	2	3	3
K26604	1	1	1
K26605	0	1	1
K26606	0	1	1
K26607	2	2	2
K26913	1	1	1
K26937	6	6	6
K26939	1	1	1
K27604	0	1	1
K27835	1	1	1
K27882	1	1	1
K27883	1	1	1
K27884	1	1	1
K27885	1	1	1
K28138	1	1	1
K28165	1	1	1
K28186	0	1	1
K28207	1	1	1
K28223	0	1	1
K28224	1	1	1
K28369	1	1	1
K28370	1	1	1
K28462	1	1	1
