module_step	KMM289	KMM358	KMM366
M00001_00	1	1	1
M00001_01	1	1	1
M00001_02	1	1	1
M00001_03	1	1	1
M00001_04	1	1	1
M00001_05	1	1	1
M00001_06	1	1	1
M00001_07	1	1	1
M00001_08	1	1	1
M00002_00	1	1	1
M00002_01	1	1	1
M00002_02	1	1	1
M00002_03	1	1	1
M00002_04	1	1	1
M00003_00	1	1	1
M00003_01	1	1	1
M00003_02	1	1	1
M00003_03	1	1	1
M00003_04	1	1	1
M00003_05	1	1	1
M00003_06	1	1	1
M00004_02	1	1	1
M00004_03	1	1	1
M00004_04	1	1	1
M00004_05	1	1	1
M00005_00	1	1	1
M00007_00	1	1	1
M00007_01	1	1	1
M00007_02	1	1	1
M00007_03	1	1	1
M00008_02	1	1	1
M00008_03	1	1	1
M00009_00	1	1	1
M00009_01	1	1	1
M00009_02	1	1	1
M00009_03	1	1	1
M00009_04	1	1	1
M00009_05	1	1	1
M00009_06	1	1	1
M00010_00	1	1	1
M00010_01	1	1	1
M00010_02	1	1	1
M00011_00	1	1	1
M00011_01	1	1	1
M00011_02	1	1	1
M00011_03	1	1	1
M00012_00	1	1	1
M00012_01	1	1	1
M00012_02	1	1	1
M00012_03	1	1	1
M00013_02	1	1	1
M00013_04	1	1	1
M00014_00	1	1	1
M00015_00	1	1	1
M00015_01	1	1	1
M00016_00	1	1	1
M00016_01	1	1	1
M00016_02	1	1	1
M00016_03	1	1	1
M00016_04	1	1	1
M00016_05	1	1	1
M00016_06	1	1	1
M00016_07	1	1	1
M00016_08	1	1	1
M00017_00	1	1	1
M00017_01	1	1	1
M00017_02	1	1	1
M00017_03	1	1	1
M00017_04	1	1	1
M00017_05	1	1	1
M00017_06	1	1	1
M00018_00	1	1	1
M00018_01	1	1	1
M00018_02	1	1	1
M00018_03	1	1	1
M00018_04	1	1	1
M00019_00	1	1	1
M00019_01	1	1	1
M00019_02	1	1	1
M00019_03	1	1	1
M00020_00	1	1	1
M00020_01	1	1	1
M00020_02	1	1	1
M00021_00	1	1	1
M00021_01	1	1	1
M00022_00	1	1	1
M00022_01	1	1	1
M00022_02	1	1	1
M00022_03	1	1	1
M00023_00	1	1	1
M00023_01	1	1	1
M00023_02	1	1	1
M00024_00	1	1	1
M00024_01	1	1	1
M00025_00	1	1	1
M00025_01	1	1	1
M00026_00	1	1	1
M00026_01	1	1	1
M00026_02	1	1	1
M00026_03	1	1	1
M00026_04	1	1	1
M00026_05	1	1	1
M00027_01	1	1	1
M00027_02	1	1	1
M00028_00	1	1	1
M00028_01	1	1	1
M00028_02	1	1	1
M00028_03	1	1	1
M00029_01	1	1	1
M00029_02	1	1	1
M00029_03	1	1	1
M00033_00	1	1	1
M00033_01	1	1	1
M00034_00	1	1	1
M00034_03	1	1	1
M00034_07	1	1	1
M00035_00	1	1	1
M00035_02	1	1	1
M00036_00	1	1	1
M00036_02	1	1	1
M00036_04	1	1	1
M00036_05	1	1	1
M00040_00	1	1	1
M00040_01	1	1	1
M00044_00	1	1	1
M00044_01	1	1	1
M00044_02	1	1	1
M00044_03	1	1	1
M00044_04	1	1	1
M00045_00	1	1	1
M00045_01	1	1	1
M00045_02	1	1	1
M00045_03	1	1	1
M00046_01	1	1	1
M00048_00	1	1	1
M00048_01	1	1	1
M00048_02	1	1	1
M00048_03	1	1	1
M00048_04	1	1	1
M00048_05	1	1	1
M00048_06	1	1	1
M00048_07	1	1	1
M00049_00	1	1	1
M00049_01	1	1	1
M00049_02	1	1	1
M00049_03	1	1	1
M00050_00	1	1	1
M00050_01	1	1	1
M00050_02	1	1	1
M00050_03	1	1	1
M00051_00	1	1	1
M00051_01	1	1	1
M00051_02	1	1	1
M00052_00	1	1	1
M00052_01	1	1	1
M00052_02	1	1	1
M00053_00	1	1	1
M00053_01	1	1	1
M00060_00	1	1	1
M00060_01	1	1	1
M00060_02	1	1	1
M00060_03	1	1	1
M00060_04	1	1	1
M00060_05	1	1	1
M00060_06	1	1	1
M00060_07	1	1	1
M00060_08	1	1	1
M00061_03	1	0	0
M00061_04	1	1	1
M00063_00	1	1	1
M00063_01	1	1	1
M00063_02	1	1	1
M00063_03	1	1	1
M00064_00	1	1	1
M00064_01	1	1	1
M00064_02	1	1	1
M00064_03	1	1	1
M00064_04	1	1	1
M00079_04	1	1	1
M00082_00	1	1	1
M00082_01	1	1	1
M00083_00	1	1	1
M00086_00	1	1	1
M00087_00	1	1	1
M00087_01	1	1	1
M00087_02	1	1	1
M00088_00	1	1	1
M00088_02	1	1	1
M00089_01	1	1	1
M00093_00	1	1	1
M00093_01	1	1	1
M00093_02	1	1	1
M00095_00	1	1	1
M00095_06	1	1	1
M00096_00	1	1	1
M00096_01	1	1	1
M00096_02	1	1	1
M00096_03	1	1	1
M00096_04	1	1	1
M00096_05	1	1	1
M00096_06	1	1	1
M00096_07	1	1	1
M00098_00	1	1	1
M00114_00	1	1	1
M00115_00	1	1	1
M00115_01	1	1	1
M00115_02	1	1	1
M00115_03	1	1	1
M00115_04	1	1	1
M00116_00	1	1	1
M00116_01	1	1	1
M00116_02	1	1	1
M00116_03	1	1	1
M00116_04	1	1	1
M00116_05	1	1	1
M00116_06	1	1	1
M00116_07	1	1	1
M00116_08	1	1	1
M00117_00	1	1	1
M00117_01	1	1	1
M00117_02	1	1	1
M00117_03	1	1	1
M00117_04	1	1	1
M00117_05	1	1	1
M00117_06	1	1	1
M00117_07	1	1	1
M00118_00	1	1	1
M00118_01	1	1	1
M00119_00	1	1	1
M00119_01	1	1	1
M00119_02	1	1	1
M00119_04	1	1	1
M00120_00	1	1	1
M00120_01	1	1	1
M00120_02	1	1	1
M00121_00	1	1	1
M00121_01	1	1	1
M00121_02	1	1	1
M00121_03	1	1	1
M00121_04	1	1	1
M00121_05	1	1	1
M00121_06	1	1	1
M00121_07	1	1	1
M00121_08	1	1	1
M00121_09	1	1	1
M00122_00	1	1	1
M00122_02	1	1	1
M00123_00	1	1	1
M00123_01	1	1	1
M00123_02	1	1	1
M00124_00	1	1	1
M00124_01	1	1	1
M00124_02	1	1	1
M00124_03	1	1	1
M00124_04	1	1	1
M00124_05	1	1	1
M00125_00	1	1	1
M00125_01	1	1	1
M00125_02	1	1	1
M00125_03	1	1	1
M00125_04	1	1	1
M00125_05	1	1	1
M00125_06	1	1	1
M00126_00	1	1	1
M00126_01	1	1	1
M00126_02	1	1	1
M00126_03	1	1	1
M00126_04	1	1	1
M00127_00	1	1	1
M00127_01	1	1	1
M00127_02	1	1	1
M00127_03	1	1	1
M00127_04	1	1	1
M00127_05	1	1	1
M00127_06	1	1	1
M00129_00	1	1	1
M00129_01	1	1	1
M00131_03	1	1	1
M00133_00	1	1	1
M00134_01	1	1	1
M00136_01	1	1	1
M00136_02	1	1	1
M00140_00	1	1	1
M00140_01	1	1	1
M00140_02	1	1	1
M00141_00	1	1	1
M00144_00	1	1	1
M00149_00	1	1	1
M00150_00	1	1	1
M00151_00	1	1	1
M00153_00	1	1	1
M00156_00	1	1	1
M00157_00	1	1	1
M00165_00	1	1	1
M00165_02	1	1	1
M00165_03	1	1	1
M00165_04	1	1	1
M00165_05	1	1	1
M00165_06	1	1	1
M00165_07	1	1	1
M00165_09	1	1	1
M00165_10	1	1	1
M00168_00	1	1	1
M00169_00	1	1	1
M00170_00	1	1	1
M00170_03	1	1	1
M00171_00	1	1	1
M00172_00	1	1	1
M00172_02	1	1	1
M00173_00	1	1	1
M00173_01	1	1	1
M00173_03	1	1	1
M00173_04	1	1	1
M00173_05	1	1	1
M00173_07	1	1	1
M00173_08	1	1	1
M00176_00	1	1	1
M00176_01	1	1	1
M00176_02	1	1	1
M00307_00	1	1	1
M00308_01	1	0	0
M00308_02	1	1	1
M00308_03	1	1	1
M00344_02	1	1	1
M00344_03	1	1	1
M00345_01	1	1	1
M00345_02	1	1	1
M00346_00	1	1	1
M00346_02	1	1	1
M00346_04	1	1	1
M00346_05	1	1	1
M00357_00	1	1	1
M00364_00	1	1	1
M00364_01	1	1	1
M00365_00	1	1	1
M00366_00	1	1	1
M00367_00	1	1	1
M00368_00	1	1	1
M00373_00	1	1	1
M00374_01	1	1	1
M00374_02	1	1	1
M00374_05	1	1	1
M00374_06	1	1	1
M00374_12	1	1	1
M00375_13	1	1	1
M00376_00	1	1	1
M00376_07	1	1	1
M00377_02	1	1	1
M00377_03	1	1	1
M00377_04	1	1	1
M00432_00	1	1	1
M00432_01	1	1	1
M00432_02	1	1	1
M00525_00	1	1	1
M00525_01	1	1	1
M00525_02	1	1	1
M00525_03	1	1	1
M00525_07	1	1	1
M00525_08	1	1	1
M00526_00	1	1	1
M00526_01	1	1	1
M00526_02	1	1	1
M00526_03	1	1	1
M00526_05	1	1	1
M00527_00	1	1	1
M00527_01	1	1	1
M00527_02	1	1	1
M00527_03	1	1	1
M00527_05	1	1	1
M00527_06	1	1	1
M00529_00	1	1	1
M00530_00	1	1	1
M00530_01	1	0	0
M00532_03	1	1	1
M00532_05	1	1	1
M00532_09	1	1	1
M00535_01	1	1	1
M00535_02	1	1	1
M00542_00	1	1	1
M00546_00	1	1	1
M00549_00	1	1	1
M00549_01	1	1	1
M00549_02	1	1	1
M00550_00	1	1	1
M00550_01	1	0	0
M00550_02	1	0	0
M00550_03	1	0	0
M00550_04	1	0	0
M00552_03	1	1	1
M00552_04	1	1	1
M00554_00	1	1	1
M00554_01	1	1	1
M00564_06	0	0	1
M00565_00	1	1	1
M00565_01	1	1	1
M00565_02	1	1	1
M00565_03	1	1	1
M00570_00	1	1	1
M00570_01	1	1	1
M00570_02	1	1	1
M00570_03	1	1	1
M00570_04	1	1	1
M00572_00	1	1	1
M00572_01	1	1	1
M00572_02	1	1	1
M00572_03	1	1	1
M00572_05	1	1	1
M00573_01	1	1	1
M00573_03	1	1	1
M00573_04	1	1	1
M00574_00	0	1	1
M00575_04	1	1	1
M00577_01	1	1	1
M00577_02	1	1	1
M00577_03	1	1	1
M00577_04	1	1	1
M00579_00	1	1	1
M00579_01	1	1	1
M00580_01	1	1	1
M00609_00	1	1	1
M00609_02	1	1	1
M00609_03	1	1	1
M00611_01	1	1	1
M00612_01	1	1	1
M00616_01	1	1	1
M00618_01	1	1	1
M00620_05	1	1	1
M00621_00	1	1	1
M00621_01	1	1	1
M00621_02	1	1	1
M00627_02	0	0	1
M00631_03	1	0	0
M00631_04	1	1	1
M00632_00	1	1	1
M00632_01	1	1	1
M00632_02	1	1	1
M00632_03	1	1	1
M00642_00	1	1	1
M00649_00	1	1	1
M00649_01	1	1	1
M00649_02	1	1	1
M00664_03	1	1	1
M00698_00	1	1	1
M00704_01	1	1	1
M00718_01	1	1	1
M00726_02	1	1	1
M00740_00	1	1	1
M00740_02	1	1	1
M00744_00	1	1	1
M00744_01	1	1	1
M00761_00	1	1	1
M00769_01	1	1	1
M00793_00	1	1	1
M00793_01	1	1	1
M00793_02	1	1	1
M00835_02	1	0	0
M00840_00	1	1	1
M00840_03	1	1	1
M00840_06	1	1	1
M00841_00	1	1	1
M00841_03	1	1	1
M00842_00	1	1	1
M00842_01	1	1	1
M00843_00	1	1	1
M00843_01	1	1	1
M00844_00	1	1	1
M00844_01	1	1	1
M00844_02	1	1	1
M00845_01	1	1	1
M00845_02	1	1	1
M00845_04	1	1	1
M00845_05	1	1	1
M00845_06	1	1	1
M00846_00	1	1	1
M00846_01	1	1	1
M00846_02	1	1	1
M00846_03	1	1	1
M00846_04	1	1	1
M00846_05	1	1	1
M00849_00	1	1	1
M00849_05	1	1	1
M00850_01	1	1	1
M00850_02	1	0	0
M00854_00	1	1	1
M00854_01	1	1	1
M00855_00	1	1	1
M00855_01	1	1	1
M00855_02	1	1	1
M00856_01	0	1	1
M00866_00	1	1	1
M00866_01	1	1	1
M00866_02	1	1	1
M00866_03	1	1	1
M00866_04	1	1	1
M00866_05	1	1	1
M00866_06	1	1	1
M00866_07	1	1	1
M00867_01	1	1	1
M00868_01	1	1	1
M00868_02	1	1	1
M00868_03	1	1	1
M00868_04	1	1	1
M00868_05	1	1	1
M00868_07	1	1	1
M00873_02	1	1	1
M00874_02	1	1	1
M00874_03	1	1	1
M00879_00	1	1	1
M00879_01	1	1	1
M00879_03	1	1	1
M00879_04	1	1	1
M00880_00	1	1	1
M00880_01	1	1	1
M00880_02	1	1	1
M00881_00	1	1	1
M00881_01	1	1	1
M00882_01	1	1	1
M00883_01	1	1	1
M00883_02	1	1	1
M00884_01	1	1	1
M00885_00	1	1	1
M00885_02	1	1	1
M00886_00	1	1	1
M00886_02	1	1	1
M00892_00	1	1	1
M00895_00	1	1	1
M00895_01	1	1	1
M00895_03	1	1	1
M00895_05	1	1	1
M00895_07	1	1	1
M00895_08	1	1	1
M00896_01	1	1	1
M00896_03	1	1	1
M00897_01	1	1	1
M00897_02	1	1	1
M00899_01	1	1	1
M00909_00	1	1	1
M00909_01	1	1	1
M00909_02	1	1	1
M00911_00	1	1	1
M00911_04	1	1	1
M00911_05	1	1	1
M00911_06	1	1	1
M00912_05	1	1	1
M00912_06	1	1	1
M00912_07	1	1	1
M00913_00	1	1	1
M00913_01	1	1	1
M00913_04	1	1	1
M00914_00	1	1	1
M00914_01	1	1	1
M00914_04	1	1	1
M00923_00	1	1	1
M00923_01	1	0	0
M00923_02	1	0	0
M00924_00	1	1	1
M00925_00	1	1	1
M00926_00	1	1	1
M00926_01	1	1	1
M00926_02	1	1	1
M00926_03	1	1	1
M00926_04	1	1	1
M00926_05	1	1	1
M00926_07	1	1	1
M00932_00	1	1	1
M00932_01	1	1	1
M00932_02	1	1	1
M00932_03	1	1	1
M00936_02	1	1	1
M00938_00	1	1	1
M00938_01	1	1	1
M00938_02	1	1	1
M00938_03	1	1	1
M00938_04	1	1	1
M00939_02	1	1	1
M00939_04	1	1	1
M00950_00	1	1	1
M00950_02	1	1	1
M00950_03	1	1	1
M00953_00	1	1	1
M00956_00	1	1	1
M00956_02	1	0	0
M00956_03	1	1	1
M00956_04	1	1	1
M00957_02	1	1	1
M00957_03	1	1	1
M00958_00	1	1	1
M00958_01	1	1	1
M00958_02	1	1	1
M00959_00	1	1	1
M00959_01	1	1	1
M00959_02	1	1	1
M00959_03	1	1	1
M00960_00	1	1	1
M00960_07	1	1	1
M00961_01	1	1	1
M00970_00	1	1	1
M00972_01	1	1	1
M00975_02	1	1	1
M00975_03	1	1	1
M00978_00	1	1	1
M00978_01	1	1	1
M00978_02	1	1	1
M00978_03	1	1	1
M00978_04	1	1	1
M00982_00	1	1	1
M00982_01	1	1	1
M00982_02	1	1	1
M00982_03	1	1	1
M00982_04	1	1	1
M00982_05	1	1	1
M00986_00	1	1	1
M00988_00	1	1	1
M00988_01	1	1	1
M00988_02	1	1	1
M00988_03	1	1	1
M00988_04	1	1	1
M00989_00	1	1	1
M00989_01	1	1	1
M00989_02	1	1	1
M00989_03	1	1	1
M00989_04	1	1	1
M00989_05	1	1	1
M00990_01	1	1	1
M00991_02	1	1	1
M00992_04	1	1	1
M00993_01	1	1	1
M00995_00	1	1	1
M00995_01	1	1	1
M00995_02	1	1	1
M00995_03	1	1	1
M00995_04	1	1	1
M00996_00	1	1	1
M00996_01	1	1	1
M00996_02	1	1	1
M00996_03	1	1	1
M00997_00	1	1	1
M00999_00	1	1	1
M00999_01	1	1	1
M01000_00	1	1	1
M01000_02	0	1	1
M01002_00	1	1	1
M01004_00	1	1	1
M01004_01	1	1	1
M01006_00	1	1	1
M01006_02	0	1	1
M01006_03	0	1	1
M01006_04	0	1	1
M01007_00	1	1	1
M01007_04	0	1	1
M01007_05	1	1	1
M01009_00	1	1	1
M01009_01	1	1	1
M01014_00	0	1	1
M01016_00	0	1	1
M01016_01	0	1	1
M01017_00	0	1	1
M01018_00	0	1	1
M01019_00	0	1	1
M01020_00	0	1	1
M01020_01	0	1	1
M01022_00	1	1	1
M01022_01	1	1	1
M01022_02	1	1	1
M01023_00	1	1	1
M01023_01	1	1	1
M01024_00	1	1	1
M01024_01	1	1	1
M01025_00	1	1	1
M01025_01	1	1	1
M01026_00	1	1	1
M01026_01	1	1	1
M01027_00	1	1	1
M01027_01	1	1	1
M01028_00	1	1	1
M01028_02	1	1	1
M01029_00	0	1	1
M01029_01	0	1	1
M01030_00	0	1	1
M01030_01	0	1	1
M01031_00	0	1	1
M01031_01	0	1	1
M01032_00	1	1	1
M01033_00	1	1	1
M01034_00	0	1	1
M01034_01	0	1	1
M01037_00	1	1	1
