layers	Hv98_231	b1_3	AV040	ZfB1	Hm21	C4	Hv98_241	ANYA_18196	KMM366	ANYA_14430	AV183026	FDAARGOS_632	Hm22	KMM358	ANYA_13997	Ho04_635	FC951	AV0110	Hv98_232	Hv98_225	AV1708_29120	D3	KMM289	Hv98_571
ANYA_13997	151166.0	164362.0	146482.0	152703.0	150583.0	154019.0	148063.0	142680.0	157543.0	111266.0	155028.0	140961.0	153309.0	157410.0	0.0	150895.0	148706.0	142292.0	150974.0	143043.0	156119.0	145540.0	151407.0	152326.0
ANYA_14430	147641.0	160707.0	144937.0	149859.0	150721.0	157005.0	149107.0	139622.0	156205.0	0.0	153825.0	143454.0	149352.0	156172.0	110872.0	149273.0	146347.0	141743.0	147147.0	142340.0	159662.0	146164.0	146457.0	148320.0
ANYA_18196	138201.0	161782.0	146116.0	146867.0	139116.0	145905.0	137360.0	0.0	151201.0	140093.0	145903.0	138713.0	145740.0	151092.0	143688.0	138890.0	142606.0	139802.0	137809.0	142194.0	153793.0	141827.0	142628.0	145115.0
AV0110	137251.0	167195.0	153846.0	149717.0	138701.0	152378.0	138341.0	141177.0	152439.0	144486.0	147687.0	141537.0	143590.0	152304.0	143609.0	137479.0	143701.0	0.0	136843.0	142453.0	160945.0	146286.0	148152.0	142981.0
AV040	146401.0	174783.0	0.0	150117.0	147103.0	153694.0	147480.0	145233.0	157137.0	147472.0	150890.0	148378.0	150599.0	157107.0	148755.0	147489.0	151137.0	152853.0	145802.0	148913.0	162572.0	154400.0	153595.0	149655.0
AV1708_29120	156250.0	163656.0	163141.0	163739.0	158873.0	166967.0	158756.0	150171.0	165363.0	160509.0	161897.0	155940.0	159514.0	165167.0	155704.0	156338.0	159651.0	158666.0	155707.0	158011.0	0.0	162911.0	159018.0	158626.0
AV183026	151847.0	169381.0	152186.0	151884.0	152137.0	162588.0	152240.0	144967.0	164184.0	155425.0	0.0	146144.0	155709.0	164103.0	155350.0	151354.0	151040.0	147009.0	151115.0	151771.0	164241.0	151218.0	155307.0	154858.0
C4	155743.0	175956.0	153869.0	160177.0	156215.0	0.0	160966.0	147857.0	165930.0	157970.0	161786.0	153938.0	162643.0	165945.0	155262.0	154458.0	157228.0	150616.0	155365.0	155348.0	166167.0	154354.0	162678.0	161572.0
D3	144752.0	170236.0	152225.0	149629.0	146851.0	154468.0	143812.0	140592.0	157606.0	147914.0	151175.0	143569.0	146939.0	157467.0	147288.0	145374.0	148493.0	145206.0	143935.0	145824.0	162137.0	0.0	151726.0	146286.0
FC951	144831.0	166723.0	151720.0	151576.0	146059.0	157757.0	145980.0	140372.0	159676.0	148225.0	151776.0	141411.0	150428.0	159830.0	150887.0	144865.0	0.0	143106.0	144352.0	145193.0	161535.0	149330.0	153299.0	149653.0
FDAARGOS_632	137745.0	164677.0	149767.0	149892.0	137425.0	152953.0	136821.0	141105.0	152350.0	145870.0	146470.0	0.0	141682.0	152306.0	141722.0	137166.0	142727.0	140112.0	137272.0	140305.0	158310.0	143462.0	145841.0	140859.0
Hm21	103487.0	164903.0	147993.0	149439.0	0.0	156763.0	131733.0	136966.0	155969.0	152337.0	151507.0	137405.0	149146.0	155856.0	149779.0	117448.0	143651.0	137535.0	103238.0	138647.0	158463.0	146562.0	147544.0	148091.0
Hm22	150215.0	173561.0	151926.0	157139.0	152196.0	163962.0	154495.0	145982.0	170157.0	152373.0	155477.0	143263.0	0.0	169858.0	157674.0	151010.0	150134.0	144158.0	149912.0	149584.0	160768.0	147475.0	159484.0	431.0
Ho04_635	109422.0	164582.0	147129.0	149079.0	119446.0	154448.0	133040.0	137602.0	156602.0	150716.0	151486.0	137061.0	149223.0	156500.0	150883.0	0.0	144336.0	137970.0	109103.0	140788.0	156002.0	146459.0	150694.0	148536.0
Hv98_225	140933.0	169960.0	151919.0	153116.0	141709.0	158630.0	146731.0	142103.0	160214.0	146881.0	151875.0	140733.0	148618.0	160060.0	145404.0	141489.0	146389.0	142108.0	140456.0	0.0	159015.0	147687.0	150677.0	147745.0
Hv98_231	0.0	162444.0	146538.0	147473.0	103533.0	153909.0	130229.0	135978.0	153399.0	148410.0	150878.0	137216.0	147209.0	153254.0	148151.0	107827.0	142587.0	136977.0	298.0	139084.0	154648.0	143348.0	147862.0	146329.0
Hv98_232	290.0	160732.0	145387.0	147280.0	103391.0	153539.0	129782.0	136450.0	152974.0	147641.0	150335.0	136439.0	145588.0	152863.0	148152.0	107913.0	142414.0	135851.0	0.0	138198.0	154178.0	143225.0	147256.0	144788.0
Hv98_241	133359.0	167168.0	145992.0	152907.0	134035.0	161763.0	0.0	136763.0	158737.0	150737.0	149457.0	135702.0	153289.0	158608.0	148257.0	135291.0	143870.0	138762.0	132941.0	147173.0	156593.0	143546.0	155754.0	152574.0
Hv98_571	149716.0	171622.0	151845.0	156150.0	150715.0	163228.0	152930.0	145232.0	167722.0	150927.0	153578.0	142000.0	257.0	167461.0	155480.0	149420.0	148790.0	142618.0	149174.0	148309.0	158054.0	146131.0	158885.0	0.0
KMM289	149095.0	174088.0	151942.0	159801.0	149339.0	165274.0	157130.0	142368.0	167292.0	148240.0	154049.0	142656.0	159933.0	167318.0	150423.0	149961.0	150914.0	144908.0	149082.0	150121.0	160320.0	149801.0	0.0	159270.0
KMM358	154526.0	172934.0	157817.0	163935.0	155323.0	165784.0	158224.0	149309.0	666.0	157220.0	162167.0	153126.0	166409.0	0.0	156986.0	154573.0	159729.0	151481.0	153935.0	157413.0	163560.0	156909.0	164447.0	165461.0
KMM366	155014.0	173623.0	157602.0	163168.0	155480.0	166980.0	158803.0	148676.0	0.0	157785.0	162764.0	153180.0	167133.0	750.0	156160.0	155430.0	158709.0	151496.0	154427.0	157493.0	165087.0	156801.0	163177.0	165854.0
ZfB1	149441.0	169263.0	150634.0	0.0	151447.0	161260.0	154306.0	144098.0	165468.0	150606.0	151235.0	149981.0	157529.0	165406.0	151360.0	149994.0	152420.0	147621.0	149230.0	150381.0	164781.0	151059.0	158211.0	156564.0
b1_3	162332.0	0.0	170748.0	168437.0	163993.0	177283.0	166951.0	160640.0	171866.0	161257.0	167854.0	163877.0	171729.0	171455.0	162336.0	162658.0	163421.0	164596.0	161882.0	167650.0	162972.0	170332.0	171718.0	170663.0
