layers	Hv98_231	b1_3	AV040	ZfB1	Hm21	C4	Hv98_241	ANYA_18196	KMM366	ANYA_14430	AV183026	FDAARGOS_632	Hm22	KMM358	ANYA_13997	Ho04_635	FC951	AV0110	Hv98_232	Hv98_225	AV1708_29120	D3	KMM289	Hv98_571
ANYA_13997	0.851015146930021	0.811170154097728	0.815102335384334	0.83601836526556	0.852192296309667	0.843945821223937	0.84783891439719	0.824381556920715	0.83586493245464	0.897153624032363	0.846969712765115	0.816463344595164	0.858859497263715	0.835936179427746	1.0	0.850821438670113	0.808094050058563	0.824881563635593	0.848867353589788	0.81291310190219	0.809105212214904	0.819466581469697	0.831676536878807	0.854384558674327
ANYA_14430	0.850174642780202	0.809799288794972	0.814852826276038	0.831945257823203	0.856406607877901	0.851860456326344	0.850196893659958	0.814858063675586	0.832026983232159	1.0	0.845821970165885	0.821324201684632	0.85399598206092	0.831966366999301	0.894617077606717	0.850114149900622	0.803232259408425	0.819254256458035	0.848377616856558	0.81559751888946	0.809574540094	0.81791353006041	0.822657495656952	0.849332281425509
ANYA_18196	0.848057049320296	0.836948699496578	0.865100814249271	0.834795507302213	0.854206626336958	0.85002536103795	0.847964309279572	1.0	0.844677938904263	0.834157230232057	0.8460032651054	0.870429502696738	0.848785095102414	0.844698234414693	0.845825473676625	0.850955193391113	0.828802909572967	0.866705779362424	0.845785650388941	0.851426172589377	0.851921874172416	0.844332754183904	0.841346026332878	0.845457463769276
AV0110	0.817193220527689	0.821593631866027	0.837305983870493	0.796322960788327	0.821002648519926	0.82387506269891	0.821071391801075	0.828229719234272	0.811705195432045	0.80548789074152	0.814640363149061	0.852159312043683	0.818181395977777	0.811569810630797	0.80662087272897	0.824123992477502	0.799900418664867	1.0	0.814934011266233	0.831177326930856	0.815698114932246	0.827270494079921	0.829190781075112	0.814696463927056
AV040	0.837732012936564	0.859649273888801	1.0	0.827296548129923	0.841366064526949	0.846307228007445	0.845575982968796	0.859920094820198	0.840510763371423	0.833074154356776	0.838374652426541	0.864441648296733	0.849040546755184	0.840520005925291	0.834063499796493	0.843007111113837	0.820826485314319	0.867558371470272	0.836311207594133	0.853266588246361	0.839224951629667	0.85495031176008	0.848985280469475	0.8450254723263
AV1708_29120	0.824400799417131	0.848290821024394	0.841082934669512	0.814841820692397	0.830862993308533	0.831949535540944	0.829602470543365	0.841367077877468	0.825335003758688	0.823126296681999	0.826464529669706	0.842619238104792	0.831699844988702	0.825343574287845	0.822395450436231	0.827705905892858	0.806790589821272	0.844185273260491	0.822343086519688	0.830523443324028	1.0	0.831584720090024	0.826779247611197	0.828385603002081
AV183026	0.849462120779811	0.821784442366854	0.829088649960124	0.835003335754834	0.854106880464298	0.861198944337172	0.847323166292239	0.83073190082196	0.848312935559446	0.850892180907679	1.0	0.831351669683852	0.856041400492951	0.848109815595204	0.850683260434712	0.846994427910968	0.811498510521695	0.835685719128746	0.846192723919733	0.832483691392371	0.820050446932931	0.833692918971641	0.834510209551824	0.852681188974571
C4	0.804061152114433	0.773128080098234	0.771524890430025	0.784956032449896	0.810218779912318	1.0	0.810749605646506	0.773990197040726	0.805499676162541	0.795646337536931	0.799159409285478	0.780559598430682	0.814138486703934	0.805493089278616	0.785325294257144	0.803933213124078	0.756149620421329	0.778635976417582	0.802006743219738	0.777871339863388	0.760628149866553	0.772450624436491	0.800357025238317	0.810091381778664
D3	0.82457751295895	0.819690468197388	0.83520416704793	0.815362853534318	0.828846836280862	0.829727735395045	0.821904537425974	0.820165225893236	0.822217195697672	0.819190572789371	0.82728401259189	0.830343802318747	0.828512908007755	0.822260189103269	0.816499709237133	0.826687877833022	0.818719081630868	0.841224146796026	0.821572890671306	0.819878550244477	0.814104575646171	1.0	0.827670482152219	0.825196968040434
FC951	0.761406432519498	0.750145470782708	0.762974267294324	0.787399963452803	0.769235743801612	0.768152001847316	0.766326019458975	0.763589143269758	0.762674955313165	0.758774044316539	0.762652439453744	0.767319588842478	0.766491544469165	0.76300384192577	0.762228876964092	0.767961132282259	1.0	0.770851111223505	0.75951976347288	0.756747610423583	0.749509866622655	0.777831965658295	0.771690666833046	0.763352481307823
FDAARGOS_632	0.837756438566855	0.830273303017876	0.852702443571693	0.822590686591375	0.840614612575962	0.841875152672447	0.841588668837089	0.856630607233965	0.82905907172137	0.826541080619857	0.83243671016239	1.0	0.837793191015377	0.829014438316528	0.82197057451551	0.843125314478325	0.818770292354292	0.871756490700418	0.835660285951078	0.852246160148675	0.832246139345292	0.832360997099188	0.843510861028118	0.834645376430023
Hm21	0.90977587324053	0.793123062375409	0.794686150491923	0.793527438441571	1.0	0.835496083538995	0.887911094958641	0.799921343860905	0.82425539276099	0.822775702453463	0.816942412394389	0.805151712238493	0.875407829979118	0.82427615985719	0.815799114344242	0.896034763125278	0.781707371173824	0.801820664418306	0.907859272400917	0.807110033164643	0.785902411857766	0.797137041716007	0.818161291193525	0.870189510952408
Hm22	0.847604493267817	0.774395691644252	0.77157167972937	0.776176924133445	0.847265580889085	0.809895855779486	0.868017661694745	0.767187744760403	0.797450676619562	0.793674481178511	0.786643133129941	0.774798272483859	1.0	0.797554178078296	0.792944225661235	0.843380031747273	0.748521316885555	0.771690468691939	0.845324413534415	0.799435628169473	0.757730415453256	0.767032667760513	0.800208608780606	0.993118210264351
Ho04_635	0.911217047044677	0.798878900608892	0.803005067647347	0.798460264873361	0.908999812544166	0.834059096169925	0.900317649999916	0.805965385851062	0.82709999516078	0.827463558872026	0.816758854452661	0.816389022144021	0.881776898488535	0.827338210168167	0.823277649518581	1.0	0.786662276110411	0.814775132256467	0.908289993698853	0.822727438272394	0.789703134594424	0.804367543505125	0.830486116855297	0.878978137696749
Hv98_225	0.796979929348335	0.778460208684425	0.789318272394795	0.760112526658089	0.793038300050643	0.787843843234101	0.799048760314761	0.782887115953226	0.777132302439072	0.771704238471519	0.777106859518443	0.796890341710045	0.811707066960235	0.777188717075311	0.764461183724553	0.797935265335238	0.753408516819152	0.796801648271203	0.794116946528738	1.0	0.769417153222223	0.775105008421958	0.790844187165701	0.80956619177583
Hv98_231	1.0	0.814120606102537	0.814250700016326	0.812434712793183	0.940509477749716	0.852877581264429	0.916063637700938	0.820309357135103	0.845531404660206	0.843068023133001	0.835865792804381	0.829174173941563	0.903863159484532	0.845869329655202	0.838913039978354	0.929398853468123	0.799218865662949	0.826573927081416	0.992846987549379	0.838326256850221	0.803525776890452	0.817987685770002	0.842880981408862	0.90013738707284
Hv98_232	0.997732929970594	0.811865555468033	0.81467600012619	0.813742878313086	0.941627471488217	0.852967494859768	0.914835524532697	0.820576229034636	0.846162807191053	0.842822205684107	0.835148809099728	0.828303885040391	0.901633777394004	0.846383110035084	0.83836903641421	0.929811948049033	0.799905821905795	0.826206095576892	1.0	0.837471367287542	0.802229524792827	0.818650769990446	0.842801546776834	0.898524784811612
Hv98_241	0.867749693226783	0.778014093736709	0.772773783627785	0.772413621811073	0.867159391715724	0.813314584681226	1.0	0.773433592295731	0.80559467757128	0.796747838242604	0.784939357259518	0.783587291678064	0.877909292260775	0.805726355656225	0.789928568479422	0.871426767862545	0.754102848296303	0.780567643644812	0.864566138250487	0.795499302174079	0.759576813837081	0.767002168270849	0.8080733478753	0.875637877579885
Hv98_571	0.842743477289458	0.768845253620576	0.767222677175217	0.771337612587669	0.840267287588712	0.803760066251014	0.86437603885708	0.761292017700799	0.791742029509762	0.787138478461159	0.779805003124637	0.769966838897634	0.992853469159194	0.791793506954769	0.786983603197893	0.838435568328335	0.744381992993017	0.765737277631651	0.839804982294494	0.794808496973664	0.750885958529036	0.761543496246995	0.794674282954488	1.0
KMM289	0.824954014702982	0.809222353926675	0.802766004539072	0.804133580143858	0.825451882125888	0.828951827666314	0.837072257045396	0.795752385543568	0.841337494179197	0.795874414253753	0.802600471778649	0.809671809076127	0.836195410536411	0.841557995171095	0.800921527857253	0.825158186137406	0.788579707980464	0.814336216289719	0.822825173010962	0.809431444408013	0.785750641828215	0.800044978437515	1.0	0.832938375778882
KMM358	0.805570071974842	0.783410308304001	0.779212396247577	0.784894650221042	0.808284056096804	0.814362076585929	0.815043900720703	0.779780086909914	0.999528110666369	0.786153949824998	0.796445762072025	0.781084224786167	0.811432815174715	1.0	0.787783785578626	0.805355799336067	0.764376097455675	0.783975608383344	0.803252916779387	0.781187892445666	0.767741635201817	0.777377843410654	0.821231296557129	0.807652691944407
KMM366	0.796489611858862	0.773767462621092	0.769625005294005	0.775514300248957	0.799386719267904	0.804624322357519	0.806105884407856	0.770692827388214	1.0	0.776971900411601	0.786419300617	0.771212186697612	0.801770942481283	0.986978705633268	0.776185516925184	0.795261470879507	0.753798192131873	0.773978578818893	0.794637662961623	0.770518559001761	0.758822110154542	0.767958553563498	0.809263580259667	0.797403515704397
ZfB1	0.801906923742978	0.779329615755048	0.79462244153023	1.0	0.806055838917817	0.821577055901994	0.810528098518344	0.79210726205499	0.811703023464935	0.810397545242954	0.808765615145195	0.799056222340402	0.821001018697663	0.811855763827997	0.809774361648413	0.804339204100937	0.802624553985791	0.788905990863119	0.80005019951562	0.787452701556688	0.783947727990122	0.800073449757805	0.809360782523737	0.818298262397241
b1_3	0.794535212983597	1.0	0.815237482203294	0.771643757132373	0.797183182255971	0.806381756138085	0.806316813765801	0.789224938259191	0.801415478464732	0.78341834272161	0.787463846433784	0.80160983942809	0.809135648726083	0.801188216427358	0.782304157280532	0.796537463491095	0.764524362667428	0.807928121102348	0.793066031869308	0.799290707403104	0.805606447393058	0.794253388157743	0.809290970791068	0.804855780274207
