num_genomes	GeneClusters
1	3884
1	4104
1	4226
1	4301
1	4137
1	4066
1	4300
1	4045
1	3811
1	4289
1	4074
1	4301
1	4151
1	3846
1	4137
1	4047
1	4151
1	4045
1	3846
1	4301
1	4047
1	4137
1	3990
1	4226
1	4104
1	4104
1	3846
1	4301
1	3990
1	3974
1	3956
1	4068
1	4311
1	4104
1	3966
1	4301
1	4266
1	4266
1	3974
1	3990
1	4301
1	3811
1	4245
1	4311
1	4289
1	4311
1	4301
1	4074
1	4045
1	3884
1	3990
1	4104
1	4047
1	3811
1	4047
1	4045
1	4104
1	3990
1	4047
1	4226
1	4300
1	4266
1	4266
1	4066
1	3990
1	4266
1	4104
1	4245
1	3990
1	3990
1	4300
1	3966
1	3884
1	4068
1	4068
1	4137
1	4074
1	4151
1	4301
1	4068
1	3956
1	3990
1	4074
1	4266
1	4311
1	4047
1	4137
1	4047
1	4245
1	3974
1	4226
1	3990
1	4104
1	3884
1	4151
1	3966
1	4066
1	4104
1	3990
1	4074
2	4494
2	4493
2	4413
2	4648
2	4716
2	4575
2	4929
2	4672
2	4545
2	4262
2	4552
2	4480
2	4692
2	4679
2	4384
2	4575
2	4612
2	4575
2	4353
2	4676
2	4480
2	4582
2	4480
2	4262
2	4317
2	4794
2	4434
2	4859
2	4732
2	4615
2	4690
2	4664
2	4402
2	4467
2	4173
2	4460
2	4255
2	4207
2	4560
2	4664
2	4331
2	4511
2	4255
2	4521
2	4083
2	4584
2	4669
2	4621
2	4452
2	4821
2	4697
2	4728
2	4441
2	4470
2	4574
2	4452
2	4730
2	4293
2	4293
2	4602
2	4604
2	4409
2	4520
2	4344
2	4694
2	4931
2	4241
2	4687
2	4599
2	4758
2	4931
2	4452
2	4559
2	4880
2	4822
2	4728
2	4657
2	4519
2	4722
2	4880
2	4257
2	4627
2	4413
2	4511
2	4604
2	4822
2	4621
2	4474
2	4868
2	4520
2	4444
2	4422
2	4746
2	4512
2	4472
2	4411
2	4196
2	4732
2	4746
2	4618
3	4964
3	4932
3	4745
3	5262
3	5122
3	5272
3	4931
3	5022
3	4947
3	5268
3	5093
3	5001
3	5060
3	4879
3	5251
3	4834
3	4846
3	4713
3	4744
3	5121
3	4837
3	4871
3	4942
3	4965
3	5030
3	4742
3	4819
3	5156
3	4818
3	4928
3	4693
3	5053
3	5251
3	4838
3	4989
3	5131
3	5108
3	4821
3	4985
3	4934
3	5006
3	5048
3	4869
3	4804
3	4887
3	4620
3	5037
3	4536
3	4944
3	4977
3	4924
3	4934
3	4953
3	5064
3	4907
3	4677
3	5059
3	4726
3	5192
3	5149
3	4912
3	4890
3	5134
3	4896
3	5029
3	4960
3	4935
3	4931
3	5118
3	5242
3	4725
3	4916
3	4569
3	5252
3	5014
3	4709
3	5253
3	4946
3	5039
3	4912
3	4763
3	4997
3	5058
3	4991
3	4781
3	4966
3	4996
3	4779
3	5058
3	5076
3	5210
3	4927
3	4852
3	4844
3	5188
3	4778
3	5107
3	5268
3	4629
3	4577
4	5311
4	5195
4	5565
4	5530
4	5704
4	5157
4	5424
4	5153
4	5528
4	5329
4	5397
4	5258
4	4853
4	4925
4	5297
4	5154
4	5344
4	5319
4	5152
4	5394
4	5081
4	4951
4	5307
4	5194
4	5329
4	5589
4	5185
4	5151
4	5134
4	5446
4	5224
4	5311
4	5586
4	4943
4	5408
4	5164
4	5293
4	5283
4	5066
4	5433
4	5138
4	5286
4	5026
4	5385
4	5267
4	5271
4	5317
4	5312
4	5117
4	5112
4	5229
4	5288
4	5536
4	5120
4	5226
4	5400
4	4736
4	5349
4	5174
4	5236
4	5416
4	5332
4	4991
4	5671
4	5122
4	5049
4	5083
4	5408
4	5218
4	5007
4	5105
4	5177
4	5341
4	5347
4	4931
4	4975
4	5273
4	5166
4	5493
4	5165
4	5615
4	5256
4	5623
4	5221
4	5212
4	5256
4	5086
4	5309
4	5203
4	5422
4	5061
4	5414
4	4916
4	5432
4	5220
4	5369
4	4980
4	4832
4	5342
4	5470
5	5466
5	5772
5	5637
5	5343
5	5349
5	5624
5	5577
5	5315
5	5436
5	5567
5	5570
5	5806
5	5748
5	5636
5	5741
5	5134
5	5736
5	5731
5	5704
5	5573
5	5614
5	5496
5	5458
5	5427
5	5304
5	5681
5	5684
5	5633
5	5617
5	5099
5	5287
5	5405
5	5395
5	5203
5	5888
5	5893
5	5665
5	5645
5	5670
5	5376
5	5633
5	5293
5	5451
5	5268
5	5411
5	5573
5	5274
5	5125
5	5584
5	5925
5	5636
5	5592
5	5387
5	5380
5	5409
5	5483
5	5100
5	5579
5	5681
5	5389
5	5505
5	5423
5	5531
5	5612
5	5663
5	5707
5	5947
5	5195
5	5854
5	4929
5	5337
5	5422
5	6026
5	5558
5	5249
5	5507
5	5359
5	5364
5	5637
5	5453
5	5629
5	5700
5	5418
5	5675
5	5544
5	5732
5	5570
5	5182
5	5487
5	5434
5	5758
5	5422
5	5751
5	5164
5	5226
5	5459
5	5508
5	5218
5	5374
5	5489
6	5709
6	5527
6	5709
6	5793
6	5431
6	5779
6	6292
6	5647
6	5550
6	5752
6	5457
6	5708
6	5924
6	5627
6	5862
6	5716
6	6225
6	5960
6	5861
6	5846
6	6119
6	6127
6	5421
6	5591
6	5526
6	5873
6	5790
6	5481
6	5897
6	5453
6	5461
6	5750
6	6139
6	5934
6	5586
6	5548
6	5734
6	5893
6	5810
6	5684
6	5621
6	5753
6	5696
6	5546
6	5654
6	5536
6	5587
6	5631
6	5857
6	5712
6	6047
6	5758
6	5786
6	5520
6	5549
6	5968
6	5872
6	5681
6	6087
6	5824
6	5815
6	5413
6	5776
6	5690
6	5486
6	5870
6	5876
6	5874
6	5883
6	5835
6	5835
6	6002
6	5650
6	6238
6	6137
6	5702
6	5767
6	5892
6	5910
6	5656
6	5333
6	5701
6	5578
6	5468
6	5638
6	5383
6	6254
6	5419
6	5878
6	5803
6	5728
6	5786
6	5699
6	6202
6	6002
6	5760
6	5865
6	4978
6	5819
6	5807
7	6325
7	6500
7	6045
7	6193
7	6097
7	6046
7	5827
7	6148
7	6558
7	5896
7	5968
7	5821
7	5781
7	6139
7	5772
7	6104
7	6007
7	5694
7	6066
7	5947
7	6241
7	6070
7	5796
7	6322
7	6124
7	5933
7	5898
7	5886
7	6249
7	6047
7	5594
7	5971
7	5688
7	5361
7	5968
7	5945
7	5456
7	6111
7	6239
7	6066
7	6094
7	6207
7	5936
7	6175
7	5990
7	6360
7	5776
7	6072
7	5809
7	6350
7	6034
7	5774
7	6251
7	5701
7	5539
7	5946
7	5919
7	6073
7	5837
7	5947
7	6258
7	6204
7	6078
7	6079
7	6026
7	6407
7	5870
7	5165
7	5744
7	6392
7	5908
7	5917
7	5862
7	6207
7	5780
7	6356
7	5989
7	5953
7	6026
7	5684
7	5698
7	6001
7	5874
7	6109
7	6115
7	5941
7	5823
7	5871
7	5905
7	6033
7	5792
7	5775
7	6206
7	5544
7	5412
7	6106
7	6125
7	5810
7	5385
7	6339
8	6104
8	5923
8	6175
8	6364
8	6104
8	5885
8	5764
8	6161
8	6670
8	5701
8	6094
8	6265
8	6490
8	6345
8	6022
8	6138
8	5853
8	6564
8	6162
8	6016
8	6514
8	5986
8	6048
8	6489
8	5966
8	6121
8	6087
8	6450
8	6656
8	6162
8	6172
8	6424
8	6131
8	5964
8	6550
8	6130
8	6026
8	6006
8	6249
8	6227
8	6017
8	6265
8	6078
8	6133
8	6003
8	6050
8	6013
8	6150
8	5967
8	6238
8	6105
8	5913
8	6406
8	6361
8	5706
8	6236
8	5935
8	6496
8	6271
8	6324
8	6310
8	6337
8	6022
8	6172
8	6141
8	6197
8	6282
8	6166
8	5808
8	6198
8	5997
8	6082
8	6204
8	5951
8	6205
8	6076
8	6149
8	6172
8	6026
8	6275
8	6515
8	6492
8	6277
8	6068
8	6113
8	6183
8	6219
8	6222
8	6599
8	5796
8	6256
8	6424
8	6163
8	6063
8	6168
8	5997
8	6134
8	6250
8	6275
8	6183
9	5709
9	6008
9	6320
9	6591
9	6566
9	5953
9	6444
9	6218
9	6834
9	5995
9	6703
9	6318
9	6512
9	6608
9	6040
9	6609
9	6087
9	6540
9	6075
9	6175
9	6395
9	6075
9	6414
9	6406
9	6178
9	6554
9	6536
9	6406
9	6523
9	6379
9	6490
9	6589
9	6472
9	6276
9	6671
9	6250
9	6092
9	5963
9	6328
9	6336
9	6379
9	6262
9	6108
9	6492
9	6666
9	6152
9	6186
9	5898
9	6023
9	6114
9	6213
9	6986
9	6002
9	6494
9	6191
9	6712
9	6138
9	5898
9	6235
9	6629
9	6123
9	6423
9	6172
9	6713
9	6259
9	6023
9	6014
9	6342
9	5912
9	6418
9	6475
9	6575
9	6243
9	6401
9	6378
9	6429
9	6226
9	6370
9	6376
9	6167
9	6379
9	5975
9	6852
9	6117
9	6447
9	6606
9	6245
9	6404
9	5969
9	6383
9	6265
9	6774
9	6528
9	6183
9	6374
9	6778
9	6203
9	6716
9	6078
9	6526
10	6321
10	6623
10	6581
10	6874
10	6196
10	6673
10	6800
10	6381
10	7067
10	6265
10	6567
10	6510
10	6431
10	6903
10	6177
10	6061
10	6645
10	6761
10	6971
10	6352
10	6090
10	6803
10	6376
10	6758
10	6684
10	6741
10	6673
10	6268
10	6609
10	6777
10	6912
10	6537
10	6503
10	7052
10	6788
10	6882
10	6445
10	6279
10	6548
10	6406
10	6290
10	6360
10	6086
10	6193
10	6010
10	6551
10	6360
10	6953
10	6696
10	6972
10	6674
10	6683
10	6380
10	6924
10	6441
10	6716
10	6787
10	6258
10	6634
10	6666
10	6158
10	6563
10	6818
10	6743
10	6903
10	6055
10	6856
10	6433
10	6813
10	6285
10	6662
10	6442
10	6439
10	6672
10	6958
10	6533
10	6644
10	6161
10	6678
10	6116
10	6725
10	6745
10	6639
10	6404
10	6228
10	6560
10	6204
10	6575
10	6632
10	6484
10	6800
10	7123
10	6240
10	6310
10	6281
10	6459
10	6747
10	6616
10	6682
10	6817
11	6625
11	6879
11	6839
11	7208
11	6687
11	6637
11	7008
11	6628
11	6950
11	6848
11	6894
11	6682
11	6594
11	6649
11	6758
11	6667
11	6505
11	6627
11	6907
11	7093
11	7107
11	6796
11	6539
11	6952
11	6601
11	6685
11	6739
11	6720
11	6646
11	6775
11	6382
11	6752
11	6750
11	7030
11	6617
11	6577
11	7074
11	6506
11	7102
11	6851
11	6528
11	6227
11	7098
11	6928
11	6815
11	6903
11	6691
11	6884
11	6750
11	6816
11	6271
11	6975
11	6865
11	6871
11	7239
11	6687
11	6667
11	7060
11	6639
11	6577
11	6580
11	6769
11	6303
11	6745
11	6884
11	6597
11	6515
11	6819
11	6451
11	7024
11	6670
11	7243
11	6839
11	6660
11	6686
11	7068
11	6562
11	6985
11	6557
11	6381
11	6579
11	6547
11	6665
11	6922
11	6735
11	6550
11	6893
11	7036
11	6750
11	6532
11	6339
11	6399
11	7060
11	6665
11	6934
11	6523
11	7088
11	6649
11	7242
11	6694
12	7126
12	6760
12	7111
12	6562
12	7015
12	6988
12	7067
12	6637
12	7377
12	6768
12	7084
12	7282
12	6770
12	6834
12	6983
12	6568
12	6638
12	7098
12	7413
12	6824
12	6711
12	6979
12	6620
12	6840
12	6833
12	6700
12	7145
12	6629
12	6630
12	6588
12	7036
12	7222
12	6788
12	6591
12	6637
12	6833
12	6877
12	6866
12	7413
12	7105
12	6848
12	7026
12	6928
12	6844
12	6694
12	6940
12	7076
12	7100
12	6782
12	6723
12	6877
12	7031
12	6838
12	7017
12	7183
12	7065
12	6866
12	6796
12	6947
12	7224
12	6865
12	7103
12	7103
12	6683
12	6451
12	7008
12	6717
12	6594
12	6670
12	7199
12	6444
12	7063
12	6782
12	7329
12	6772
12	6752
12	7156
12	7207
12	7332
12	6913
12	6927
12	6849
12	7077
12	7163
12	6842
12	6564
12	6741
12	6760
12	7256
12	6566
12	6668
12	6661
12	6949
12	6952
12	6874
12	7139
12	6750
12	7092
12	6874
12	6556
13	6814
13	7451
13	6767
13	6947
13	6858
13	7271
13	7300
13	6750
13	7213
13	7025
13	6829
13	7080
13	7359
13	7161
13	6722
13	7057
13	7403
13	7098
13	6530
13	6951
13	7041
13	6772
13	6840
13	7151
13	6887
13	6978
13	7049
13	7217
13	6886
13	7367
13	6994
13	7189
13	7171
13	6859
13	6579
13	6741
13	6910
13	6854
13	7024
13	6957
13	7034
13	7125
13	7242
13	6782
13	6963
13	7058
13	6886
13	7238
13	7130
13	7128
13	7252
13	7329
13	6635
13	7282
13	7042
13	7272
13	7168
13	6925
13	7146
13	6932
13	6986
13	6748
13	7106
13	7283
13	7477
13	6891
13	7507
13	7068
13	6670
13	6994
13	6793
13	6499
13	7163
13	6908
13	6874
13	7318
13	7047
13	7079
13	6871
13	6805
13	7292
13	7004
13	7101
13	7248
13	6953
13	7212
13	6659
13	7053
13	6894
13	6991
13	7096
13	6987
13	6932
13	7410
13	7062
13	6743
13	7404
13	6957
13	7227
13	6712
14	7349
14	7113
14	7605
14	7288
14	7470
14	6937
14	7212
14	7225
14	7088
14	7419
14	6915
14	7552
14	7351
14	7249
14	7670
14	7440
14	7060
14	7069
14	7153
14	7317
14	7183
14	7222
14	7249
14	7201
14	7159
14	7398
14	7019
14	7139
14	7204
14	7041
14	7141
14	7154
14	7529
14	7014
14	6986
14	7179
14	7581
14	7308
14	6924
14	7175
14	7452
14	7093
14	7118
14	7256
14	7100
14	7539
14	7385
14	7422
14	7339
14	7008
14	7178
14	7218
14	7239
14	7299
14	6901
14	7163
14	7394
14	7620
14	7328
14	7510
14	7097
14	7182
14	7402
14	7255
14	7615
14	7365
14	6898
14	7577
14	7134
14	7084
14	7129
14	7203
14	7006
14	7034
14	7197
14	7281
14	7382
14	7064
14	7683
14	7417
14	6965
14	7402
14	7226
14	6809
14	7366
14	6665
14	7105
14	7349
14	7393
14	7758
14	7363
14	7220
14	7079
14	7340
14	7429
14	7245
14	7368
14	7367
14	7318
14	7115
15	7505
15	7528
15	6998
15	7016
15	7104
15	7170
15	7162
15	7452
15	7438
15	7162
15	7176
15	7079
15	7256
15	6986
15	7584
15	7220
15	7521
15	7402
15	7278
15	7613
15	7371
15	7378
15	7383
15	7383
15	6912
15	7577
15	7388
15	7044
15	7537
15	7258
15	7624
15	7413
15	7246
15	7075
15	7137
15	7555
15	6752
15	7088
15	7192
15	7265
15	7783
15	7427
15	7391
15	7302
15	7569
15	7493
15	7471
15	7686
15	7623
15	7718
15	7234
15	7137
15	7604
15	7221
15	6982
15	7690
15	7385
15	7076
15	7399
15	7378
15	7600
15	7622
15	7532
15	7276
15	7333
15	7338
15	7664
15	7385
15	7320
15	7403
15	7158
15	7415
15	7162
15	7474
15	7305
15	7052
15	7378
15	7432
15	7331
15	7215
15	7150
15	7542
15	7308
15	7334
15	7037
15	7680
15	7769
15	7531
15	7185
15	7554
15	7775
15	7029
15	7255
15	7093
15	7227
15	7468
15	7104
15	7167
15	7175
15	7670
16	7397
16	7383
16	7870
16	7786
16	7263
16	7139
16	7698
16	7477
16	7643
16	7703
16	7581
16	7932
16	7342
16	7710
16	7209
16	7330
16	7544
16	7601
16	7247
16	7223
16	7310
16	7504
16	7370
16	7535
16	7671
16	7239
16	7888
16	7640
16	7588
16	7886
16	7345
16	7630
16	7572
16	7564
16	7637
16	7733
16	7808
16	7324
16	7747
16	7607
16	7188
16	7826
16	7673
16	7173
16	7882
16	7773
16	7674
16	7288
16	7511
16	7356
16	7140
16	7581
16	7020
16	7541
16	7220
16	7569
16	7767
16	7682
16	7626
16	7277
16	7486
16	7276
16	7350
16	7367
16	7094
16	7551
16	7251
16	7125
16	7282
16	7835
16	7585
16	7444
16	7556
16	7443
16	7589
16	7764
16	7614
16	7505
16	7404
16	7278
16	7882
16	7828
16	7599
16	7564
16	7575
16	7692
16	7722
16	7480
16	7177
16	7447
16	7361
16	7308
16	7449
16	7726
16	7594
16	7241
16	7458
16	7498
16	7652
16	7480
17	7524
17	7674
17	7642
17	7760
17	7399
17	7535
17	7605
17	7692
17	7647
17	7930
17	7782
17	8035
17	7565
17	7523
17	7726
17	7391
17	7443
17	7781
17	7130
17	7743
17	7473
17	7738
17	7699
17	7706
17	7551
17	7806
17	7647
17	7464
17	7652
17	7067
17	7507
17	7849
17	7407
17	7771
17	7342
17	7253
17	7325
17	7720
17	7347
17	7760
17	7381
17	7664
17	7432
17	7725
17	7814
17	7629
17	7096
17	7580
17	7495
17	7671
17	7907
17	7602
17	7308
17	7887
17	7644
17	7707
17	7674
17	7172
17	7643
17	7458
17	7316
17	7769
17	7658
17	7651
17	8036
17	7696
17	7980
17	7632
17	7828
17	7611
17	7534
17	7485
17	7626
17	7595
17	7558
17	7771
17	7925
17	7628
17	7693
17	7713
17	7610
17	7899
17	7265
17	7803
17	7569
17	7603
17	7225
17	7715
17	7862
17	7755
17	7574
17	7758
17	7784
17	7889
17	7492
17	7418
17	7516
17	7673
17	7655
17	7277
18	7745
18	7686
18	7566
18	7956
18	7706
18	7678
18	8039
18	7614
18	7685
18	7858
18	8145
18	7807
18	7740
18	7671
18	7931
18	7766
18	7627
18	7845
18	7819
18	8079
18	7727
18	7512
18	7823
18	7354
18	7939
18	7570
18	7553
18	7834
18	7874
18	7882
18	7766
18	7835
18	7990
18	7705
18	7609
18	7793
18	7892
18	7708
18	7934
18	7955
18	7867
18	8032
18	7718
18	7204
18	7948
18	7862
18	7480
18	7789
18	7826
18	7930
18	7696
18	8078
18	7993
18	7636
18	7943
18	7774
18	7732
18	7674
18	7867
18	8007
18	8049
18	7958
18	7732
18	7625
18	7826
18	7701
18	7406
18	7835
18	7942
18	7974
18	7364
18	7818
18	7574
18	7558
18	7702
18	7752
18	7855
18	7972
18	7758
18	7866
18	7510
18	7952
18	8056
18	7487
18	8009
18	7919
18	7737
18	7898
18	7962
18	7817
18	7649
18	7871
18	7589
18	7479
18	7768
18	7565
18	7697
18	7746
18	7739
18	7487
19	7843
19	8047
19	7985
19	7860
19	8168
19	7876
19	7783
19	8114
19	7855
19	8036
19	7806
19	7916
19	7739
19	7918
19	7915
19	7823
19	7913
19	8041
19	7908
19	7485
19	7637
19	8031
19	8113
19	7813
19	7575
19	8066
19	7638
19	7894
19	7810
19	7729
19	7839
19	7843
19	8089
19	8022
19	7836
19	8001
19	7638
19	7887
19	7934
19	8134
19	7878
19	7951
19	7938
19	7647
19	7881
19	8228
19	8141
19	7878
19	8143
19	7882
19	7676
19	7999
19	7742
19	7896
19	7998
19	7521
19	7919
19	7780
19	7971
19	7733
19	8074
19	8222
19	7910
19	8008
19	7868
19	7737
19	7683
19	8192
19	7802
19	7879
19	7961
19	7593
19	7618
19	8115
19	7519
19	7870
19	7936
19	7747
19	8038
19	7954
19	7881
19	7693
19	7651
19	8196
19	7699
19	8075
19	7974
19	8161
19	7896
19	7615
19	8004
19	8149
19	7685
19	7535
19	8120
19	7967
19	7832
19	7812
19	8143
19	7766
20	8341
20	7969
20	8165
20	8157
20	8139
20	8102
20	8342
20	8051
20	8166
20	8065
20	8173
20	8039
20	8071
20	8064
20	8148
20	7932
20	8135
20	7849
20	8089
20	8088
20	7868
20	7887
20	8080
20	7983
20	7853
20	7750
20	8156
20	8242
20	7953
20	8089
20	8052
20	7826
20	8152
20	8000
20	7786
20	7989
20	8025
20	7932
20	8239
20	8080
20	8155
20	8109
20	8075
20	8139
20	8025
20	8096
20	7708
20	7780
20	8087
20	8182
20	7870
20	7995
20	8053
20	8024
20	8096
20	7868
20	8005
20	8036
20	8103
20	8257
20	7574
20	8062
20	8171
20	7937
20	7883
20	8281
20	8100
20	8100
20	8183
20	7912
20	7978
20	8226
20	7983
20	8165
20	8239
20	8052
20	7991
20	7803
20	7789
20	7815
20	7636
20	8019
20	8203
20	8178
20	8082
20	8001
20	8117
20	8019
20	7902
20	8152
20	7892
20	7776
20	7956
20	7837
20	8122
20	8185
20	8082
20	8213
20	7894
20	8180
21	8322
21	8306
21	8216
21	8081
21	8151
21	8132
21	8212
21	8216
21	8361
21	8176
21	8384
21	8274
21	8304
21	8275
21	8099
21	7973
21	8019
21	8158
21	8212
21	8231
21	8233
21	8139
21	7977
21	8320
21	8271
21	7719
21	8214
21	8231
21	8152
21	8111
21	7923
21	8083
21	8060
21	7890
21	8216
21	8050
21	8158
21	8257
21	7796
21	8202
21	8230
21	8282
21	8147
21	8272
21	8279
21	8264
21	7802
21	8245
21	8086
21	8252
21	8203
21	8115
21	8147
21	7976
21	8083
21	8267
21	8078
21	8218
21	8142
21	8052
21	8179
21	8235
21	8324
21	7923
21	7975
21	8301
21	8225
21	7816
21	7859
21	8147
21	7975
21	8298
21	7859
21	8138
21	8129
21	8007
21	8286
21	8363
21	8223
21	8319
21	8059
21	8223
21	8024
21	8146
21	8281
21	8215
21	8038
21	8301
21	8118
21	7916
21	8370
21	8215
21	8163
21	8067
21	8259
21	8158
21	8104
21	8225
21	8376
21	8106
22	8159
22	8345
22	8246
22	8280
22	8323
22	8111
22	8218
22	8359
22	7952
22	8384
22	8370
22	8280
22	8264
22	8411
22	8167
22	8206
22	8412
22	8278
22	8357
22	8218
22	8383
22	8218
22	8284
22	7971
22	8425
22	8191
22	8373
22	8430
22	8360
22	7950
22	8380
22	8210
22	8118
22	8299
22	8325
22	8327
22	8163
22	8226
22	8111
22	8233
22	8242
22	8260
22	8343
22	8407
22	8340
22	8337
22	8226
22	8321
22	8314
22	8254
22	8307
22	8301
22	8328
22	8412
22	8190
22	8158
22	7978
22	8191
22	8317
22	8278
22	8226
22	8191
22	8357
22	8429
22	8299
22	8429
22	8270
22	7969
22	8073
22	8213
22	8218
22	8275
22	8092
22	7969
22	8343
22	8476
22	8417
22	8271
22	8417
22	8246
22	8217
22	8411
22	8388
22	8091
22	8368
22	8359
22	8181
22	8382
22	8202
22	8272
22	8298
22	7939
22	8301
22	8358
22	8359
22	8158
22	8164
22	7934
22	8247
22	8321
23	8415
23	8433
23	8302
23	8387
23	8493
23	8373
23	8383
23	8420
23	8348
23	8480
23	8415
23	8302
23	8420
23	8376
23	8383
23	8353
23	8420
23	8362
23	8391
23	8389
23	8389
23	8336
23	8336
23	8336
23	8387
23	8492
23	8480
23	8389
23	8493
23	8341
23	8387
23	8391
23	8420
23	8493
23	8274
23	8302
23	8341
23	8389
23	8493
23	8493
23	8387
23	8336
23	8336
23	8415
23	8376
23	8095
23	8383
23	8336
23	8488
23	8391
23	8362
23	8336
23	8302
23	8390
23	8373
23	8353
23	8488
23	8341
23	8430
23	8415
23	8433
23	8348
23	8302
23	8390
23	8353
23	8336
23	8420
23	8362
23	8336
23	8390
23	8348
23	8415
23	8336
23	8348
23	8336
23	8274
23	8391
23	8492
23	8415
23	8373
23	8387
23	8387
23	8391
23	8480
23	8387
23	8336
23	8353
23	8390
23	8383
23	8336
23	8373
23	8389
23	8493
23	8492
23	8480
23	8433
23	8480
23	8493
23	8493
23	8302
24	8496
24	8496
24	8496
24	8496
24	8496
24	8496
24	8496
24	8496
24	8496
24	8496
24	8496
24	8496
24	8496
24	8496
24	8496
24	8496
24	8496
24	8496
24	8496
24	8496
24	8496
24	8496
24	8496
24	8496
24	8496
24	8496
24	8496
24	8496
24	8496
24	8496
24	8496
24	8496
24	8496
24	8496
24	8496
24	8496
24	8496
24	8496
24	8496
24	8496
24	8496
24	8496
24	8496
24	8496
24	8496
24	8496
24	8496
24	8496
24	8496
24	8496
24	8496
24	8496
24	8496
24	8496
24	8496
24	8496
24	8496
24	8496
24	8496
24	8496
24	8496
24	8496
24	8496
24	8496
24	8496
24	8496
24	8496
24	8496
24	8496
24	8496
24	8496
24	8496
24	8496
24	8496
24	8496
24	8496
24	8496
24	8496
24	8496
24	8496
24	8496
24	8496
24	8496
24	8496
24	8496
24	8496
24	8496
24	8496
24	8496
24	8496
24	8496
24	8496
24	8496
24	8496
24	8496
24	8496
24	8496
24	8496
24	8496
24	8496
